     0             0
     1             0
     2             0
     3             0
     4             0
     5             0
     6             0
     7             0
     8             0
     9             0
    10             0
    11             0
    12             0
    13             0
    14             0
    15             0
    16             0
    17             0
    18             0
    19             0
    20             0
    21             0
    22             0
    23             0
    24             0
    25             0
    26             0
    27             0
    28             0
    29             0
    30             0
    31             0
    32             0
    33             0
    34             0
    35             0
    36             0
    37             0
    38             0
    39             0
    40             0
    41             0
    42             0
    43             0
    44             0
    45             0
    46             0
    47             0
    48             0
    49             0
    50             0
    51             0
    52             0
    53             0
    54             0
    55             0
    56             0
    57             0
    58             0
    59             0
    60             0
    61             0
    62             0
    63             0
    64             0
    65             0
    66             0
    67             0
    68             0
    69             0
    70             0
    71             0
    72             0
    73             3
    74            17
    75            89
    76           189
    77           283
    78           303
    79           310
    80           327
    81           348
    82           323
    83           370
    84           317
    85           318
    86           298
    87           333
    88           260
    89           310
    90           278
    91           286
    92           261
    93           248
    94           255
    95           278
    96           290
    97           288
    98           279
    99           293
   100           313
   101           320
   102           283
   103           284
   104           305
   105           326
   106           295
   107           302
   108           310
   109           287
   110           281
   111           293
   112           279
   113           288
   114           293
   115           313
   116           296
   117           291
   118           295
   119           281
   120           264
   121           310
   122           284
   123           287
   124           307
   125           277
   126           325
   127           328
   128           283
   129           272
   130           300
   131           285
   132           321
   133           312
   134           296
   135           284
   136           304
   137           300
   138           309
   139           323
   140           304
   141           297
   142           292
   143           303
   144           300
   145           298
   146           270
   147           269
   148           276
   149           285
   150           331
   151           322
   152           298
   153           274
   154           294
   155           280
   156           316
   157           294
   158           287
   159           313
   160           288
   161           300
   162           299
   163           333
   164           338
   165           271
   166           302
   167           316
   168           311
   169           317
   170           306
   171           310
   172           316
   173           322
   174           341
   175           346
   176           369
   177           317
   178           338
   179           298
   180           341
   181           347
   182           380
   183           325
   184           350
   185           336
   186           317
   187           339
   188           346
   189           357
   190           360
   191           321
   192           363
   193           373
   194           397
   195           391
   196           367
   197           410
   198           378
   199           391
   200           401
   201           405
   202           393
   203           390
   204           437
   205           431
   206           418
   207           445
   208           473
   209           455
   210           458
   211           433
   212           495
   213           509
   214           476
   215           494
   216           453
   217           532
   218           504
   219           503
   220           503
   221           464
   222           463
   223           533
   224           474
   225           469
   226           452
   227           485
   228           494
   229           483
   230           483
   231           504
   232           519
   233           453
   234           492
   235           444
   236           461
   237           510
   238           475
   239           493
   240           479
   241           507
   242           474
   243           475
   244           462
   245           525
   246           486
   247           478
   248           456
   249           464
   250           461
   251           460
   252           442
   253           445
   254           464
   255           439
   256           452
   257           449
   258           391
   259           414
   260           421
   261           404
   262           365
   263           374
   264           363
   265           371
   266           299
   267           267
   268           233
   269           235
   270           193
   271           177
   272           191
   273           140
   274           102
   275            72
   276            79
   277            70
   278            38
   279            27
   280            16
   281            20
   282             8
   283            10
   284             8
   285             7
   286             7
   287             2
   288             1
   289             1
   290             2
   291             1
   292             1
   293             1
   294             5
   295             2
   296             2
   297             2
   298             2
   299             0
   300             0
   301             4
   302             1
   303             2
   304             2
   305             1
   306             2
   307             1
   308             2
   309             1
   310             4
   311             5
   312             3
   313             3
   314             2
   315             2
   316             2
   317             1
   318             2
   319             3
   320             1
   321             1
   322             0
   323             0
   324             1
   325             2
   326             1
   327             2
   328             0
   329             0
   330             3
   331             3
   332             0
   333             1
   334             1
   335             1
   336             0
   337             1
   338             1
   339             4
   340             1
   341             2
   342             4
   343             2
   344             1
   345             1
   346             0
   347             0
   348             0
   349             0
   350             1
   351             1
   352             2
   353             2
   354             1
   355             2
   356             1
   357             1
   358             1
   359             0
   360             0
   361             0
   362             0
   363             0
   364             1
   365             1
   366             1
   367             1
   368             1
   369             2
   370             0
   371             0
   372             1
   373             0
   374             1
   375             1
   376             1
   377             3
   378             3
   379             1
   380             0
   381             1
   382             1
   383             1
   384             0
   385             0
   386             0
   387             0
   388             0
   389             0
   390             0
   391             1
   392             0
   393             0
   394             1
   395             0
   396             1
   397             0
   398             0
   399             1
   400             0
   401             1
   402             0
   403             1
   404             2
   405             0
   406             0
   407             2
   408             0
   409             1
   410             0
   411             0
   412             0
   413             1
   414             1
   415             0
   416             0
   417             2
   418             0
   419             0
   420             0
   421             0
   422             1
   423             0
   424             0
   425             0
   426             0
   427             0
   428             1
   429             0
   430             0
   431             0
   432             0
   433             0
   434             0
   435             0
   436             0
   437             1
   438             0
   439             0
   440             0
   441             1
   442             0
   443             0
   444             0
   445             0
   446             0
   447             0
   448             0
   449             0
   450             0
   451             0
   452             1
   453             0
   454             0
   455             0
   456             0
   457             0
   458             0
   459             0
   460             0
   461             0
   462             0
   463             0
   464             0
   465             0
   466             0
   467             0
   468             0
   469             0
   470             0
   471             0
   472             0
   473             0
   474             0
   475             0
   476             0
   477             0
   478             0
   479             0
   480             0
   481             0
   482             0
   483             0
   484             0
   485             0
   486             0
   487             0
   488             0
   489             0
   490             0
   491             0
   492             0
   493             0
   494             0
   495             0
   496             0
   497             0
   498             0
   499             0
   500             0
   501             0
   502             0
   503             0
   504             0
   505             0
   506             0
   507             0
   508             0
   509             0
   510             0
   511             0
   512             0
   513             0
   514             0
   515             0
   516             0
   517             0
   518             0
   519             0
   520             0
   521             0
   522             0
   523             0
   524             0
   525             0
   526             0
   527             0
   528             0
   529             1
   530             0
   531             0
   532             0
   533             0
   534             0
   535             0
   536             0
   537             0
   538             0
   539             0
   540             0
   541             0
   542             0
   543             0
   544             0
   545             0
   546             0
   547             0
   548             0
   549             0
   550             0
   551             0
   552             0
   553             0
   554             0
   555             0
   556             0
   557             0
   558             0
   559             0
   560             0
   561             0
   562             0
   563             0
   564             0
   565             0
   566             0
   567             0
   568             0
   569             0
   570             0
   571             0
   572             0
   573             0
   574             0
   575             0
   576             0
   577             0
   578             0
   579             0
   580             0
   581             0
   582             0
   583             0
   584             0
   585             0
   586             0
   587             0
   588             0
   589             0
   590             0
   591             0
   592             0
   593             0
   594             1
   595             0
   596             0
   597             0
   598             0
   599             0
   600             0
   601             0
   602             0
   603             0
   604             0
   605             0
   606             0
   607             0
   608             0
   609             0
   610             0
   611             0
   612             0
   613             0
   614             0
   615             0
   616             0
   617             0
   618             0
   619             0
   620             0
   621             0
   622             0
   623             0
   624             0
   625             0
   626             0
   627             0
   628             0
   629             0
   630             0
   631             0
   632             0
   633             0
   634             0
   635             0
   636             0
   637             0
   638             0
   639             0
   640             0
   641             0
   642             0
   643             0
   644             0
   645             0
   646             0
   647             0
   648             0
   649             0
   650             0
   651             0
   652             0
   653             0
   654             0
   655             0
   656             0
   657             0
   658             0
   659             0
   660             0
   661             0
   662             0
   663             0
   664             0
   665             0
   666             0
   667             0
   668             0
   669             0
   670             0
   671             0
   672             0
   673             0
   674             0
   675             0
   676             0
   677             0
   678             0
   679             0
   680             0
   681             0
   682             0
   683             0
   684             0
   685             0
   686             0
   687             0
   688             0
   689             0
   690             0
   691             0
   692             0
   693             0
   694             0
   695             0
   696             0
   697             0
   698             0
   699             0
   700             0
   701             0
   702             0
   703             0
   704             0
   705             0
   706             0
   707             0
   708             0
   709             0
   710             0
   711             0
   712             0
   713             0
   714             0
   715             0
   716             0
   717             0
   718             0
   719             0
   720             0
   721             0
   722             0
   723             0
   724             1
   725             0
   726             0
   727             0
   728             0
   729             0
   730             0
   731             0
   732             0
   733             0
   734             0
   735             0
   736             0
   737             0
   738             0
   739             0
   740             0
   741             0
   742             0
   743             0
   744             0
   745             0
   746             0
   747             0
   748             0
   749             0
   750             0
   751             0
   752             0
   753             0
   754             0
   755             0
   756             0
   757             0
   758             0
   759             0
   760             0
   761             0
   762             0
   763             0
   764             0
   765             0
   766             0
   767             0
   768             0
   769             0
   770             0
   771             0
   772             0
   773             0
   774             0
   775             0
   776             1
   777             0
   778             0
   779             0
   780             0
   781             0
   782             0
   783             0
   784             0
   785             0
   786             0
   787             0
   788             0
   789             0
   790             0
   791             0
   792             0
   793             0
   794             0
   795             0
   796             0
   797             0
   798             0
   799             0
   800             0
   801             0
   802             0
   803             0
   804             0
   805             0
   806             0
   807             0
   808             0
   809             0
   810             0
   811             0
   812             0
   813             0
   814             0
   815             0
   816             0
   817             0
   818             0
   819             0
   820             0
   821             0
   822             0
   823             0
   824             0
   825             0
   826             0
   827             0
   828             0
   829             0
   830             0
   831             0
   832             0
   833             0
   834             0
   835             0
   836             0
   837             0
   838             0
   839             0
   840             0
   841             0
   842             0
   843             0
   844             0
   845             0
   846             0
   847             0
   848             0
   849             0
   850             0
   851             0
   852             0
   853             0
   854             0
   855             0
   856             0
   857             0
   858             0
   859             0
   860             0
   861             0
   862             0
   863             0
   864             0
   865             0
   866             0
   867             0
   868             0
   869             0
   870             0
   871             0
   872             0
   873             0
   874             0
   875             0
   876             0
   877             0
   878             0
   879             0
   880             0
   881             0
   882             0
   883             0
   884             0
   885             0
   886             0
   887             0
   888             0
   889             0
   890             0
   891             0
   892             0
   893             0
   894             0
   895             0
   896             0
   897             0
   898             0
   899             0
   900             0
   901             0
   902             0
   903             0
   904             0
   905             0
   906             0
   907             0
   908             0
   909             0
   910             0
   911             0
   912             0
   913             0
   914             0
   915             0
   916             0
   917             0
   918             0
   919             0
   920             0
   921             0
   922             0
   923             0
   924             0
   925             0
   926             0
   927             0
   928             0
   929             0
   930             1
   931             0
   932             0
   933             0
   934             0
   935             0
   936             0
   937             0
   938             0
   939             0
   940             0
   941             0
   942             0
   943             0
   944             0
   945             0
   946             0
   947             0
   948             0
   949             0
   950             0
   951             0
   952             0
   953             0
   954             0
   955             0
   956             0
   957             0
   958             0
   959             0
   960             0
   961             0
   962             0
   963             0
   964             0
   965             0
   966             0
   967             0
   968             0
   969             0
   970             0
   971             0
   972             0
   973             0
   974             0
   975             0
   976             0
   977             0
   978             0
   979             0
   980             0
   981             0
   982             0
   983             0
   984             0
   985             0
   986             0
   987             0
   988             0
   989             0
   990             0
   991             0
   992             0
   993             0
   994             0
   995             0
   996             0
   997             0
   998             0
   999             0
  1000             0
  1001             0
  1002             0
  1003             0
  1004             0
  1005             0
  1006             0
  1007             0
  1008             0
  1009             0
  1010             0
  1011             0
  1012             0
  1013             0
  1014             0
  1015             0
  1016             0
  1017             0
  1018             0
  1019             0
  1020             0
  1021             0
  1022             0
  1023             0
