     0             0
     1             0
     2             0
     3             0
     4             0
     5             0
     6             0
     7             0
     8             0
     9             0
    10             0
    11             0
    12             0
    13             0
    14             0
    15             0
    16             0
    17             0
    18             0
    19             0
    20             0
    21             2
    22             9
    23            38
    24            75
    25           105
    26           174
    27           185
    28           213
    29           266
    30           305
    31           287
    32           375
    33           419
    34           409
    35           479
    36           433
    37           464
    38           433
    39           433
    40           473
    41           452
    42           421
    43           447
    44           465
    45           479
    46           452
    47           515
    48           494
    49           497
    50           465
    51           527
    52           505
    53           487
    54           513
    55           505
    56           496
    57           495
    58           534
    59           531
    60           530
    61           522
    62           523
    63           527
    64           523
    65           509
    66           579
    67           515
    68           540
    69           518
    70           540
    71           533
    72           544
    73           543
    74           567
    75           595
    76           582
    77           608
    78           604
    79           660
    80           709
    81           677
    82           688
    83           701
    84           769
    85           718
    86           751
    87           786
    88           747
    89           789
    90           728
    91           732
    92           747
    93           769
    94           720
    95           722
    96           654
    97           649
    98           583
    99           642
   100           587
   101           634
   102           564
   103           588
   104           526
   105           558
   106           573
   107           500
   108           520
   109           531
   110           507
   111           492
   112           478
   113           522
   114           486
   115           457
   116           436
   117           478
   118           493
   119           462
   120           490
   121           456
   122           475
   123           447
   124           466
   125           484
   126           469
   127           443
   128           432
   129           455
   130           465
   131           429
   132           418
   133           461
   134           448
   135           441
   136           445
   137           474
   138           469
   139           407
   140           428
   141           484
   142           410
   143           420
   144           399
   145           388
   146           441
   147           448
   148           438
   149           433
   150           463
   151           429
   152           434
   153           420
   154           475
   155           417
   156           463
   157           428
   158           436
   159           427
   160           443
   161           404
   162           416
   163           439
   164           416
   165           433
   166           422
   167           440
   168           418
   169           451
   170           415
   171           426
   172           394
   173           421
   174           434
   175           460
   176           412
   177           440
   178           423
   179           446
   180           449
   181           379
   182           457
   183           425
   184           450
   185           458
   186           471
   187           438
   188           448
   189           437
   190           452
   191           403
   192           447
   193           423
   194           430
   195           424
   196           429
   197           440
   198           433
   199           418
   200           466
   201           461
   202           434
   203           457
   204           426
   205           405
   206           448
   207           415
   208           428
   209           438
   210           424
   211           419
   212           376
   213           393
   214           346
   215           322
   216           334
   217           319
   218           309
   219           294
   220           291
   221           272
   222           263
   223           225
   224           230
   225           223
   226           211
   227           187
   228           173
   229           168
   230           156
   231           156
   232           144
   233           145
   234           124
   235           151
   236           125
   237           107
   238           129
   239            96
   240           120
   241            98
   242            84
   243           103
   244            97
   245            94
   246            75
   247            76
   248            85
   249            75
   250            88
   251            83
   252            81
   253            75
   254            58
   255            70
   256            59
   257            79
   258            84
   259            57
   260            68
   261            59
   262            64
   263            62
   264            72
   265            75
   266            76
   267            72
   268            85
   269            72
   270            95
   271            89
   272           123
   273           115
   274            99
   275           120
   276           152
   277           179
   278           170
   279           181
   280           255
   281           266
   282           314
   283           351
   284           347
   285           428
   286           510
   287           567
   288           618
   289           727
   290           797
   291           910
   292          1002
   293          1004
   294          1206
   295          1282
   296          1366
   297          1491
   298          1591
   299          1646
   300          1727
   301          1885
   302          1889
   303          1974
   304          1966
   305          1993
   306          2001
   307          2027
   308          2035
   309          1991
   310          1950
   311          1868
   312          1814
   313          1738
   314          1646
   315          1597
   316          1449
   317          1320
   318          1223
   319          1151
   320          1070
   321           957
   322           824
   323           777
   324           713
   325           605
   326           509
   327           451
   328           397
   329           320
   330           264
   331           231
   332           205
   333           197
   334           169
   335           112
   336           115
   337            89
   338            59
   339            48
   340            40
   341            41
   342            24
   343            22
   344            22
   345            22
   346            19
   347            11
   348            15
   349            14
   350            10
   351            15
   352             8
   353            13
   354             9
   355             5
   356             2
   357             5
   358             2
   359             5
   360             4
   361             4
   362             3
   363             9
   364             6
   365             4
   366             4
   367             5
   368             7
   369            16
   370             3
   371             7
   372             7
   373            11
   374             5
   375             5
   376             4
   377             4
   378             3
   379             7
   380             3
   381             3
   382             7
   383             6
   384             2
   385             4
   386             8
   387             3
   388             6
   389             9
   390             2
   391             0
   392             9
   393             6
   394             5
   395             7
   396             4
   397             6
   398             5
   399             6
   400             2
   401             5
   402             4
   403             8
   404             2
   405             7
   406             6
   407             7
   408             3
   409             4
   410             6
   411             4
   412             5
   413             3
   414             5
   415             5
   416             3
   417             6
   418             1
   419             3
   420             2
   421             3
   422             3
   423             1
   424             3
   425             4
   426             5
   427             4
   428             1
   429             0
   430             2
   431             2
   432             5
   433             1
   434             0
   435             1
   436             1
   437             3
   438             8
   439             2
   440             3
   441             3
   442             4
   443             1
   444             3
   445             2
   446             3
   447             4
   448             4
   449             1
   450             6
   451             2
   452             3
   453             4
   454             1
   455             3
   456             3
   457             4
   458             7
   459             3
   460             3
   461             3
   462             3
   463             2
   464             0
   465             4
   466             2
   467             3
   468             2
   469             4
   470             2
   471             2
   472             2
   473             1
   474             1
   475             3
   476             2
   477             3
   478             5
   479             3
   480             0
   481             2
   482             0
   483             1
   484             5
   485             1
   486             1
   487             0
   488             2
   489             1
   490             2
   491             0
   492             0
   493             1
   494             2
   495             0
   496             3
   497             1
   498             1
   499             0
   500             4
   501             1
   502             2
   503             1
   504             0
   505             0
   506             1
   507             0
   508             2
   509             2
   510             3
   511             1
   512             2
   513             0
   514             2
   515             3
   516             4
   517             0
   518             0
   519             1
   520             1
   521             1
   522             1
   523             0
   524             5
   525             0
   526             1
   527             2
   528             1
   529             0
   530             0
   531             1
   532             0
   533             0
   534             2
   535             1
   536             1
   537             1
   538             0
   539             0
   540             0
   541             0
   542             0
   543             2
   544             3
   545             1
   546             2
   547             0
   548             0
   549             3
   550             3
   551             0
   552             0
   553             1
   554             0
   555             2
   556             1
   557             2
   558             1
   559             0
   560             0
   561             3
   562             1
   563             2
   564             2
   565             1
   566             0
   567             1
   568             1
   569             1
   570             0
   571             2
   572             1
   573             0
   574             0
   575             0
   576             1
   577             0
   578             0
   579             3
   580             2
   581             2
   582             0
   583             1
   584             1
   585             1
   586             2
   587             2
   588             1
   589             4
   590             1
   591             0
   592             0
   593             1
   594             2
   595             1
   596             2
   597             0
   598             1
   599             2
   600             2
   601             1
   602             2
   603             1
   604             2
   605             2
   606             0
   607             0
   608             2
   609             4
   610             0
   611             0
   612             2
   613             1
   614             1
   615             2
   616             0
   617             0
   618             1
   619             0
   620             0
   621             1
   622             1
   623             1
   624             4
   625             0
   626             1
   627             0
   628             0
   629             2
   630             2
   631             0
   632             1
   633             0
   634             0
   635             0
   636             0
   637             1
   638             0
   639             0
   640             0
   641             1
   642             0
   643             1
   644             0
   645             0
   646             0
   647             0
   648             0
   649             0
   650             0
   651             0
   652             0
   653             0
   654             0
   655             1
   656             0
   657             0
   658             0
   659             0
   660             0
   661             0
   662             0
   663             0
   664             0
   665             0
   666             0
   667             0
   668             0
   669             0
   670             0
   671             0
   672             0
   673             0
   674             0
   675             1
   676             0
   677             0
   678             0
   679             0
   680             0
   681             0
   682             0
   683             0
   684             0
   685             0
   686             0
   687             0
   688             0
   689             0
   690             0
   691             0
   692             0
   693             0
   694             0
   695             0
   696             0
   697             0
   698             0
   699             0
   700             0
   701             0
   702             0
   703             0
   704             0
   705             0
   706             0
   707             0
   708             0
   709             2
   710             0
   711             0
   712             0
   713             0
   714             0
   715             0
   716             0
   717             0
   718             0
   719             0
   720             0
   721             0
   722             0
   723             0
   724             0
   725             0
   726             0
   727             0
   728             0
   729             0
   730             0
   731             0
   732             0
   733             0
   734             0
   735             0
   736             0
   737             0
   738             0
   739             1
   740             0
   741             0
   742             0
   743             0
   744             0
   745             0
   746             0
   747             0
   748             0
   749             0
   750             0
   751             0
   752             0
   753             0
   754             0
   755             0
   756             0
   757             0
   758             0
   759             0
   760             0
   761             0
   762             0
   763             1
   764             0
   765             0
   766             0
   767             0
   768             0
   769             0
   770             1
   771             0
   772             0
   773             0
   774             0
   775             0
   776             0
   777             0
   778             0
   779             0
   780             0
   781             0
   782             0
   783             0
   784             0
   785             0
   786             0
   787             0
   788             0
   789             0
   790             0
   791             0
   792             0
   793             0
   794             0
   795             0
   796             0
   797             0
   798             0
   799             0
   800             0
   801             0
   802             0
   803             0
   804             0
   805             0
   806             0
   807             0
   808             0
   809             0
   810             0
   811             0
   812             0
   813             0
   814             0
   815             0
   816             0
   817             0
   818             0
   819             0
   820             0
   821             0
   822             0
   823             0
   824             0
   825             0
   826             0
   827             0
   828             0
   829             0
   830             0
   831             0
   832             0
   833             0
   834             0
   835             0
   836             0
   837             0
   838             0
   839             0
   840             0
   841             0
   842             0
   843             0
   844             0
   845             0
   846             0
   847             0
   848             0
   849             0
   850             0
   851             0
   852             0
   853             0
   854             0
   855             0
   856             0
   857             0
   858             0
   859             0
   860             0
   861             0
   862             0
   863             0
   864             0
   865             0
   866             0
   867             0
   868             0
   869             0
   870             1
   871             0
   872             0
   873             0
   874             0
   875             0
   876             0
   877             0
   878             0
   879             0
   880             0
   881             0
   882             0
   883             0
   884             0
   885             0
   886             0
   887             0
   888             0
   889             0
   890             0
   891             0
   892             0
   893             0
   894             0
   895             0
   896             0
   897             0
   898             0
   899             0
   900             0
   901             0
   902             0
   903             0
   904             0
   905             0
   906             0
   907             0
   908             0
   909             0
   910             0
   911             0
   912             0
   913             0
   914             0
   915             0
   916             0
   917             0
   918             0
   919             0
   920             0
   921             0
   922             0
   923             0
   924             0
   925             0
   926             0
   927             0
   928             0
   929             0
   930             0
   931             0
   932             0
   933             0
   934             0
   935             0
   936             0
   937             0
   938             0
   939             0
   940             0
   941             0
   942             0
   943             0
   944             0
   945             0
   946             0
   947             0
   948             0
   949             0
   950             0
   951             0
   952             0
   953             0
   954             0
   955             0
   956             0
   957             0
   958             0
   959             0
   960             0
   961             0
   962             1
   963             0
   964             0
   965             0
   966             0
   967             0
   968             0
   969             0
   970             0
   971             0
   972             1
   973             0
   974             0
   975             0
   976             0
   977             0
   978             0
   979             0
   980             0
   981             0
   982             0
   983             0
   984             0
   985             0
   986             0
   987             0
   988             0
   989             0
   990             0
   991             0
   992             0
   993             0
   994             0
   995             0
   996             0
   997             0
   998             0
   999             0
  1000             0
  1001             0
  1002             0
  1003             0
  1004             0
  1005             0
  1006             0
  1007             0
  1008             0
  1009             0
  1010             0
  1011             0
  1012             0
  1013             0
  1014             0
  1015             0
  1016             0
  1017             0
  1018             0
  1019             0
  1020             0
  1021             0
  1022             0
  1023             0
