     0             0
     1             0
     2             0
     3             0
     4             0
     5             0
     6             0
     7             0
     8             0
     9             0
    10             0
    11             0
    12             0
    13             0
    14             0
    15             0
    16             0
    17             0
    18             0
    19             0
    20             0
    21             1
    22            21
    23            54
    24            98
    25           171
    26           300
    27           291
    28           350
    29           386
    30           466
    31           518
    32           620
    33           748
    34           732
    35           808
    36           739
    37           787
    38           802
    39           791
    40           766
    41           693
    42           698
    43           695
    44           637
    45           703
    46           744
    47           678
    48           701
    49           730
    50           667
    51           761
    52           690
    53           661
    54           694
    55           668
    56           718
    57           676
    58           681
    59           701
    60           706
    61           711
    62           684
    63           703
    64           736
    65           733
    66           737
    67           721
    68           771
    69           704
    70           685
    71           690
    72           726
    73           737
    74           698
    75           714
    76           709
    77           710
    78           739
    79           742
    80           715
    81           768
    82           703
    83           746
    84           739
    85           705
    86           697
    87           736
    88           744
    89           766
    90           756
    91           704
    92           729
    93           742
    94           738
    95           732
    96           737
    97           716
    98           778
    99           804
   100           793
   101           773
   102           839
   103           820
   104           783
   105           850
   106           846
   107           833
   108           824
   109           897
   110           865
   111           849
   112           853
   113           869
   114           935
   115           873
   116           877
   117           821
   118           888
   119           938
   120           932
   121           959
   122           863
   123           959
   124           865
   125           935
   126           904
   127           942
   128           882
   129           875
   130           811
   131           877
   132           887
   133           783
   134           842
   135           813
   136           814
   137           772
   138           783
   139           784
   140           790
   141           766
   142           717
   143           674
   144           682
   145           710
   146           697
   147           742
   148           717
   149           684
   150           676
   151           649
   152           675
   153           690
   154           646
   155           688
   156           634
   157           647
   158           669
   159           673
   160           634
   161           645
   162           614
   163           642
   164           655
   165           614
   166           597
   167           605
   168           602
   169           605
   170           593
   171           680
   172           691
   173           598
   174           596
   175           601
   176           644
   177           588
   178           567
   179           637
   180           614
   181           608
   182           595
   183           611
   184           575
   185           609
   186           645
   187           587
   188           604
   189           605
   190           619
   191           600
   192           614
   193           596
   194           584
   195           529
   196           553
   197           548
   198           594
   199           603
   200           644
   201           613
   202           579
   203           596
   204           582
   205           559
   206           623
   207           564
   208           644
   209           603
   210           562
   211           607
   212           625
   213           563
   214           628
   215           616
   216           612
   217           582
   218           567
   219           612
   220           581
   221           567
   222           591
   223           591
   224           651
   225           585
   226           611
   227           570
   228           613
   229           555
   230           587
   231           578
   232           605
   233           614
   234           620
   235           604
   236           572
   237           579
   238           583
   239           578
   240           600
   241           584
   242           653
   243           586
   244           611
   245           579
   246           575
   247           581
   248           613
   249           593
   250           580
   251           606
   252           609
   253           624
   254           578
   255           583
   256           583
   257           563
   258           581
   259           563
   260           591
   261           590
   262           585
   263           610
   264           556
   265           585
   266           557
   267           579
   268           568
   269           539
   270           573
   271           557
   272           551
   273           549
   274           513
   275           516
   276           528
   277           552
   278           546
   279           534
   280           515
   281           498
   282           524
   283           511
   284           475
   285           456
   286           440
   287           427
   288           448
   289           429
   290           445
   291           436
   292           427
   293           403
   294           393
   295           391
   296           395
   297           396
   298           335
   299           332
   300           388
   301           326
   302           333
   303           329
   304           328
   305           302
   306           284
   307           288
   308           245
   309           254
   310           252
   311           269
   312           215
   313           228
   314           225
   315           200
   316           222
   317           214
   318           196
   319           194
   320           190
   321           171
   322           182
   323           181
   324           179
   325           165
   326           165
   327           135
   328           129
   329           132
   330           153
   331           146
   332           149
   333           138
   334           147
   335           148
   336           133
   337           154
   338           144
   339           161
   340           123
   341           132
   342           146
   343           175
   344           144
   345           148
   346           139
   347           150
   348           140
   349           162
   350           169
   351           185
   352           170
   353           162
   354           199
   355           219
   356           196
   357           210
   358           196
   359           208
   360           221
   361           246
   362           261
   363           279
   364           290
   365           250
   366           276
   367           323
   368           288
   369           340
   370           333
   371           342
   372           387
   373           392
   374           357
   375           415
   376           429
   377           465
   378           497
   379           493
   380           520
   381           547
   382           541
   383           645
   384           560
   385           587
   386           669
   387           716
   388           733
   389           720
   390           792
   391           778
   392           819
   393           845
   394           839
   395           931
   396           915
   397           920
   398           974
   399          1021
   400          1005
   401          1061
   402          1143
   403          1083
   404          1113
   405          1217
   406          1241
   407          1216
   408          1208
   409          1255
   410          1216
   411          1355
   412          1286
   413          1347
   414          1351
   415          1361
   416          1348
   417          1374
   418          1292
   419          1342
   420          1309
   421          1342
   422          1293
   423          1315
   424          1260
   425          1293
   426          1189
   427          1235
   428          1252
   429          1138
   430          1173
   431          1137
   432          1148
   433          1046
   434          1084
   435           994
   436           981
   437           982
   438           896
   439           900
   440           858
   441           772
   442           803
   443           793
   444           738
   445           679
   446           631
   447           587
   448           600
   449           577
   450           523
   451           518
   452           481
   453           420
   454           415
   455           358
   456           356
   457           344
   458           332
   459           306
   460           236
   461           248
   462           229
   463           189
   464           211
   465           170
   466           183
   467           168
   468           128
   469           125
   470           105
   471            98
   472            93
   473            79
   474            74
   475            72
   476            73
   477            61
   478            50
   479            47
   480            38
   481            30
   482            32
   483            36
   484            24
   485            19
   486            21
   487            22
   488            20
   489            20
   490            10
   491            14
   492            13
   493            17
   494            10
   495             1
   496             5
   497            12
   498             6
   499             3
   500            10
   501             4
   502             3
   503             9
   504             6
   505             7
   506             4
   507             4
   508             4
   509             4
   510             3
   511             3
   512             3
   513             5
   514             3
   515             7
   516             2
   517             3
   518             1
   519             8
   520             1
   521             5
   522             7
   523             5
   524             5
   525             3
   526             5
   527             5
   528             1
   529             4
   530             8
   531             5
   532             7
   533             4
   534             5
   535             6
   536             3
   537             4
   538             5
   539             7
   540             4
   541             2
   542             4
   543             5
   544             4
   545             2
   546             7
   547             3
   548             4
   549             4
   550             0
   551             4
   552             1
   553             2
   554             2
   555             4
   556             4
   557             3
   558             4
   559             3
   560             2
   561             4
   562             6
   563             1
   564             3
   565             5
   566             3
   567             5
   568             4
   569             7
   570             4
   571             3
   572             2
   573             2
   574             1
   575             2
   576             5
   577             3
   578             2
   579             5
   580             4
   581             2
   582             2
   583             6
   584             6
   585             2
   586             3
   587             2
   588             0
   589             3
   590             1
   591             3
   592             5
   593             5
   594             4
   595             2
   596             2
   597             3
   598             6
   599             1
   600             2
   601             1
   602             7
   603             2
   604             5
   605             1
   606             4
   607             3
   608             1
   609             6
   610             5
   611             4
   612             2
   613             4
   614             3
   615             0
   616             4
   617             2
   618             4
   619             5
   620             6
   621             2
   622             0
   623             0
   624             0
   625             3
   626             2
   627             3
   628             3
   629             1
   630             4
   631             5
   632             2
   633             3
   634             4
   635             2
   636             1
   637             1
   638             1
   639             2
   640             2
   641             2
   642             1
   643             3
   644             2
   645             2
   646             1
   647             1
   648             1
   649             3
   650             0
   651             0
   652             2
   653             2
   654             1
   655             2
   656             3
   657             0
   658             1
   659             2
   660             0
   661             0
   662             0
   663             2
   664             0
   665             0
   666             2
   667             2
   668             2
   669             2
   670             0
   671             1
   672             1
   673             1
   674             1
   675             0
   676             0
   677             0
   678             0
   679             3
   680             2
   681             2
   682             0
   683             1
   684             0
   685             0
   686             3
   687             2
   688             1
   689             1
   690             1
   691             3
   692             2
   693             1
   694             1
   695             1
   696             0
   697             1
   698             1
   699             2
   700             2
   701             2
   702             4
   703             0
   704             1
   705             1
   706             1
   707             1
   708             0
   709             2
   710             0
   711             2
   712             1
   713             1
   714             3
   715             0
   716             0
   717             1
   718             3
   719             1
   720             0
   721             0
   722             0
   723             1
   724             1
   725             1
   726             0
   727             2
   728             0
   729             3
   730             0
   731             1
   732             0
   733             1
   734             2
   735             0
   736             0
   737             0
   738             0
   739             2
   740             1
   741             0
   742             0
   743             0
   744             1
   745             0
   746             1
   747             0
   748             2
   749             1
   750             1
   751             0
   752             0
   753             1
   754             1
   755             1
   756             0
   757             3
   758             0
   759             1
   760             2
   761             2
   762             1
   763             1
   764             1
   765             1
   766             0
   767             1
   768             0
   769             1
   770             2
   771             0
   772             1
   773             2
   774             1
   775             1
   776             1
   777             0
   778             2
   779             0
   780             0
   781             0
   782             0
   783             2
   784             0
   785             1
   786             1
   787             0
   788             1
   789             1
   790             0
   791             1
   792             0
   793             1
   794             0
   795             3
   796             0
   797             0
   798             0
   799             1
   800             1
   801             0
   802             1
   803             1
   804             0
   805             2
   806             2
   807             1
   808             1
   809             1
   810             0
   811             1
   812             0
   813             0
   814             1
   815             1
   816             1
   817             1
   818             2
   819             2
   820             0
   821             0
   822             0
   823             1
   824             0
   825             1
   826             0
   827             1
   828             2
   829             0
   830             1
   831             0
   832             1
   833             1
   834             1
   835             0
   836             1
   837             1
   838             0
   839             0
   840             1
   841             1
   842             0
   843             0
   844             0
   845             0
   846             0
   847             0
   848             1
   849             0
   850             1
   851             1
   852             0
   853             0
   854             0
   855             0
   856             0
   857             1
   858             0
   859             0
   860             0
   861             0
   862             0
   863             0
   864             1
   865             0
   866             0
   867             0
   868             1
   869             0
   870             0
   871             0
   872             0
   873             0
   874             1
   875             0
   876             1
   877             0
   878             0
   879             0
   880             0
   881             0
   882             1
   883             0
   884             0
   885             0
   886             0
   887             0
   888             1
   889             0
   890             0
   891             0
   892             0
   893             0
   894             2
   895             0
   896             0
   897             0
   898             0
   899             0
   900             0
   901             0
   902             0
   903             0
   904             0
   905             0
   906             0
   907             0
   908             0
   909             0
   910             0
   911             0
   912             0
   913             0
   914             0
   915             0
   916             0
   917             0
   918             0
   919             0
   920             0
   921             0
   922             0
   923             0
   924             0
   925             0
   926             0
   927             0
   928             0
   929             0
   930             0
   931             0
   932             0
   933             0
   934             0
   935             0
   936             0
   937             0
   938             0
   939             0
   940             0
   941             0
   942             0
   943             0
   944             0
   945             0
   946             0
   947             0
   948             0
   949             0
   950             0
   951             0
   952             0
   953             0
   954             0
   955             0
   956             0
   957             0
   958             0
   959             0
   960             0
   961             0
   962             0
   963             0
   964             0
   965             0
   966             0
   967             0
   968             0
   969             0
   970             0
   971             0
   972             1
   973             0
   974             0
   975             0
   976             0
   977             0
   978             0
   979             0
   980             0
   981             0
   982             0
   983             0
   984             1
   985             0
   986             0
   987             0
   988             0
   989             0
   990             0
   991             0
   992             0
   993             0
   994             0
   995             0
   996             0
   997             0
   998             0
   999             0
  1000             0
  1001             0
  1002             0
  1003             0
  1004             0
  1005             0
  1006             0
  1007             0
  1008             0
  1009             0
  1010             0
  1011             0
  1012             0
  1013             0
  1014             0
  1015             0
  1016             0
  1017             0
  1018             0
  1019             0
  1020             0
  1021             0
  1022             0
  1023             0
