     0             0
     1             0
     2             0
     3             0
     4             0
     5             0
     6             0
     7             0
     8             0
     9             0
    10             0
    11             0
    12             0
    13             0
    14             0
    15             0
    16             0
    17             0
    18             0
    19             0
    20             0
    21             0
    22             3
    23            11
    24            14
    25            44
    26            67
    27           114
    28           138
    29           159
    30           155
    31           183
    32           203
    33           234
    34           227
    35           261
    36           249
    37           269
    38           274
    39           309
    40           262
    41           293
    42           278
    43           338
    44           303
    45           334
    46           319
    47           273
    48           328
    49           285
    50           315
    51           316
    52           302
    53           336
    54           342
    55           326
    56           339
    57           346
    58           328
    59           352
    60           335
    61           344
    62           325
    63           351
    64           326
    65           391
    66           348
    67           351
    68           352
    69           322
    70           347
    71           326
    72           359
    73           349
    74           353
    75           314
    76           365
    77           375
    78           337
    79           350
    80           354
    81           356
    82           380
    83           370
    84           380
    85           375
    86           386
    87           423
    88           388
    89           409
    90           411
    91           461
    92           501
    93           468
    94           443
    95           475
    96           485
    97           523
    98           527
    99           546
   100           524
   101           548
   102           550
   103           533
   104           520
   105           511
   106           505
   107           483
   108           448
   109           464
   110           452
   111           460
   112           450
   113           439
   114           408
   115           392
   116           365
   117           378
   118           361
   119           327
   120           359
   121           329
   122           350
   123           357
   124           310
   125           331
   126           324
   127           298
   128           282
   129           315
   130           318
   131           320
   132           326
   133           314
   134           318
   135           315
   136           284
   137           339
   138           303
   139           295
   140           322
   141           299
   142           301
   143           301
   144           282
   145           294
   146           310
   147           314
   148           287
   149           298
   150           285
   151           284
   152           284
   153           305
   154           272
   155           284
   156           268
   157           291
   158           282
   159           273
   160           291
   161           268
   162           266
   163           278
   164           275
   165           255
   166           263
   167           277
   168           253
   169           261
   170           256
   171           261
   172           318
   173           285
   174           272
   175           254
   176           257
   177           264
   178           274
   179           286
   180           262
   181           283
   182           297
   183           249
   184           282
   185           281
   186           297
   187           287
   188           283
   189           272
   190           289
   191           254
   192           271
   193           237
   194           275
   195           264
   196           276
   197           280
   198           266
   199           289
   200           258
   201           277
   202           281
   203           282
   204           263
   205           271
   206           266
   207           248
   208           279
   209           250
   210           285
   211           281
   212           301
   213           276
   214           279
   215           308
   216           234
   217           246
   218           284
   219           285
   220           271
   221           288
   222           251
   223           257
   224           273
   225           265
   226           248
   227           262
   228           280
   229           279
   230           229
   231           276
   232           247
   233           243
   234           274
   235           280
   236           253
   237           255
   238           271
   239           246
   240           264
   241           280
   242           304
   243           281
   244           264
   245           247
   246           265
   247           253
   248           266
   249           255
   250           235
   251           258
   252           248
   253           254
   254           271
   255           244
   256           259
   257           227
   258           263
   259           276
   260           267
   261           251
   262           271
   263           276
   264           248
   265           274
   266           251
   267           248
   268           285
   269           263
   270           238
   271           263
   272           262
   273           262
   274           252
   275           259
   276           280
   277           249
   278           272
   279           254
   280           272
   281           250
   282           256
   283           271
   284           268
   285           273
   286           275
   287           273
   288           255
   289           281
   290           242
   291           269
   292           269
   293           280
   294           294
   295           284
   296           244
   297           287
   298           282
   299           270
   300           263
   301           251
   302           258
   303           285
   304           270
   305           272
   306           249
   307           255
   308           293
   309           259
   310           265
   311           282
   312           228
   313           271
   314           287
   315           267
   316           255
   317           265
   318           273
   319           286
   320           268
   321           269
   322           238
   323           257
   324           264
   325           280
   326           266
   327           294
   328           293
   329           266
   330           253
   331           271
   332           274
   333           277
   334           313
   335           265
   336           275
   337           257
   338           261
   339           255
   340           296
   341           276
   342           253
   343           289
   344           277
   345           245
   346           276
   347           290
   348           277
   349           268
   350           295
   351           313
   352           275
   353           293
   354           275
   355           292
   356           270
   357           253
   358           298
   359           296
   360           307
   361           325
   362           295
   363           310
   364           306
   365           291
   366           302
   367           320
   368           287
   369           320
   370           291
   371           303
   372           264
   373           297
   374           323
   375           299
   376           313
   377           336
   378           324
   379           316
   380           264
   381           313
   382           283
   383           305
   384           293
   385           312
   386           308
   387           331
   388           318
   389           316
   390           305
   391           301
   392           330
   393           300
   394           355
   395           311
   396           318
   397           299
   398           315
   399           321
   400           326
   401           328
   402           339
   403           289
   404           342
   405           306
   406           331
   407           317
   408           326
   409           301
   410           332
   411           318
   412           301
   413           315
   414           320
   415           331
   416           327
   417           305
   418           321
   419           322
   420           345
   421           324
   422           341
   423           313
   424           302
   425           313
   426           311
   427           329
   428           298
   429           321
   430           300
   431           289
   432           294
   433           297
   434           267
   435           302
   436           274
   437           299
   438           247
   439           275
   440           238
   441           232
   442           281
   443           263
   444           248
   445           259
   446           209
   447           237
   448           233
   449           263
   450           222
   451           238
   452           228
   453           207
   454           226
   455           236
   456           222
   457           227
   458           231
   459           194
   460           213
   461           224
   462           192
   463           198
   464           195
   465           189
   466           207
   467           220
   468           212
   469           221
   470           207
   471           219
   472           189
   473           220
   474           193
   475           225
   476           189
   477           205
   478           196
   479           207
   480           202
   481           216
   482           203
   483           206
   484           200
   485           212
   486           189
   487           210
   488           229
   489           206
   490           208
   491           196
   492           179
   493           174
   494           214
   495           208
   496           204
   497           202
   498           188
   499           210
   500           183
   501           241
   502           217
   503           226
   504           244
   505           233
   506           263
   507           243
   508           299
   509           281
   510           286
   511           311
   512           306
   513           300
   514           373
   515           368
   516           342
   517           379
   518           387
   519           386
   520           444
   521           466
   522           440
   523           423
   524           471
   525           477
   526           484
   527           505
   528           483
   529           524
   530           507
   531           551
   532           529
   533           547
   534           573
   535           563
   536           510
   537           532
   538           491
   539           522
   540           514
   541           535
   542           474
   543           469
   544           460
   545           438
   546           414
   547           420
   548           323
   549           347
   550           313
   551           312
   552           265
   553           258
   554           265
   555           218
   556           209
   557           232
   558           186
   559           195
   560           148
   561           161
   562           134
   563           154
   564           153
   565           135
   566           128
   567            97
   568           105
   569           113
   570           109
   571           117
   572           110
   573           107
   574           122
   575           123
   576           125
   577           132
   578           155
   579           159
   580           173
   581           194
   582           205
   583           209
   584           237
   585           211
   586           221
   587           274
   588           264
   589           294
   590           295
   591           299
   592           338
   593           322
   594           346
   595           362
   596           351
   597           352
   598           395
   599           411
   600           384
   601           400
   602           401
   603           425
   604           412
   605           391
   606           375
   607           401
   608           406
   609           402
   610           394
   611           392
   612           355
   613           369
   614           353
   615           353
   616           335
   617           310
   618           332
   619           287
   620           258
   621           276
   622           251
   623           221
   624           222
   625           181
   626           203
   627           157
   628           162
   629           167
   630           138
   631           136
   632           132
   633           107
   634           112
   635            91
   636            80
   637            71
   638            80
   639            67
   640            67
   641            50
   642            52
   643            42
   644            38
   645            30
   646            31
   647            38
   648            32
   649            24
   650            19
   651            23
   652            21
   653            27
   654            22
   655            24
   656            22
   657            20
   658            12
   659            26
   660            18
   661            20
   662            21
   663            22
   664            26
   665            15
   666            13
   667            24
   668            21
   669            20
   670            11
   671            23
   672            18
   673            24
   674            22
   675            20
   676            15
   677            20
   678            20
   679            20
   680            17
   681            17
   682            10
   683            18
   684            16
   685            14
   686            21
   687            23
   688            17
   689            20
   690            14
   691            20
   692            24
   693            13
   694            17
   695            16
   696            16
   697            17
   698            28
   699            18
   700            17
   701            26
   702            21
   703            23
   704            21
   705            12
   706            23
   707            19
   708            21
   709            16
   710            15
   711            19
   712            17
   713            23
   714            25
   715            18
   716             9
   717            11
   718            18
   719            11
   720            17
   721            20
   722            19
   723            22
   724            19
   725            22
   726            23
   727            16
   728            13
   729            16
   730            19
   731            22
   732            20
   733            14
   734            15
   735            21
   736            16
   737            24
   738            18
   739            23
   740            15
   741            18
   742            14
   743             8
   744            18
   745            14
   746            10
   747            18
   748            11
   749            13
   750            19
   751            15
   752            13
   753             9
   754            19
   755            21
   756            16
   757             9
   758            17
   759             4
   760            11
   761            23
   762            12
   763            12
   764            15
   765            15
   766            10
   767            16
   768            13
   769            19
   770            15
   771            14
   772            13
   773            17
   774            12
   775             9
   776            17
   777            12
   778             9
   779            12
   780            17
   781            13
   782            13
   783             7
   784            14
   785            11
   786            18
   787            12
   788            10
   789             8
   790            21
   791            16
   792            15
   793             9
   794            13
   795            18
   796            17
   797             9
   798             8
   799            12
   800            18
   801            12
   802             8
   803            17
   804            15
   805            15
   806            15
   807             7
   808            11
   809            10
   810             6
   811             6
   812            17
   813            12
   814             7
   815             9
   816            12
   817            15
   818            16
   819            14
   820            11
   821            10
   822            15
   823            13
   824             9
   825            14
   826            11
   827            13
   828            16
   829            10
   830            10
   831             5
   832            15
   833            19
   834            10
   835            13
   836            16
   837            12
   838             7
   839            10
   840            12
   841            13
   842            15
   843            14
   844            14
   845            14
   846            13
   847            14
   848            16
   849            13
   850            11
   851             9
   852            10
   853             9
   854             8
   855             9
   856            14
   857            18
   858            15
   859            11
   860            13
   861            10
   862             7
   863            12
   864             9
   865            11
   866            16
   867             9
   868            11
   869            12
   870            10
   871             9
   872            11
   873             9
   874            14
   875             6
   876            11
   877             8
   878            11
   879             7
   880            13
   881            14
   882             5
   883            12
   884             8
   885            14
   886             7
   887            12
   888            10
   889            15
   890            11
   891            16
   892            19
   893            11
   894            12
   895            16
   896             6
   897            15
   898            13
   899            10
   900            12
   901             8
   902            15
   903            10
   904            10
   905            12
   906            13
   907            11
   908             6
   909            10
   910             9
   911            13
   912            10
   913             9
   914            11
   915            12
   916             9
   917             8
   918             7
   919            11
   920             8
   921             9
   922            13
   923            14
   924             7
   925             9
   926            17
   927             7
   928             6
   929             7
   930            12
   931             6
   932             9
   933            10
   934            10
   935             7
   936             5
   937            10
   938             9
   939            11
   940            12
   941             5
   942             8
   943            16
   944            10
   945             9
   946            16
   947            12
   948             7
   949             8
   950            11
   951            16
   952             7
   953             7
   954             9
   955             8
   956            12
   957            15
   958             9
   959            15
   960             6
   961             9
   962            10
   963            14
   964            10
   965            11
   966            10
   967             9
   968            11
   969             9
   970             5
   971             8
   972             9
   973            10
   974             8
   975            11
   976            10
   977            10
   978             5
   979             7
   980            11
   981            10
   982            12
   983            13
   984             5
   985             7
   986             7
   987             9
   988            12
   989            14
   990             9
   991             7
   992            11
   993            12
   994            17
   995             8
   996            11
   997             5
   998             8
   999            10
  1000             9
  1001             5
  1002             8
  1003             9
  1004            12
  1005            11
  1006             5
  1007             6
  1008             9
  1009            10
  1010             9
  1011            13
  1012             8
  1013             8
  1014             6
  1015             3
  1016             6
  1017             8
  1018             9
  1019             8
  1020            11
  1021            14
  1022             4
  1023             9
