     0             0
     1             0
     2             0
     3             0
     4             0
     5             0
     6             0
     7             0
     8             0
     9             0
    10             0
    11             0
    12             0
    13             0
    14             0
    15             0
    16             0
    17             0
    18             0
    19             0
    20             0
    21             0
    22             0
    23             0
    24             0
    25             0
    26             0
    27             0
    28             0
    29             0
    30             0
    31             0
    32             0
    33             0
    34             0
    35             0
    36             0
    37             0
    38             0
    39             0
    40             0
    41             0
    42             0
    43             0
    44             0
    45             0
    46             0
    47             0
    48             0
    49             0
    50             0
    51             0
    52             0
    53             0
    54             0
    55             0
    56             0
    57             0
    58             0
    59             0
    60             0
    61             0
    62             0
    63             0
    64             0
    65             0
    66             0
    67             0
    68             0
    69             0
    70             0
    71             0
    72             0
    73             0
    74             0
    75             0
    76             0
    77             0
    78             0
    79             0
    80             0
    81             0
    82             0
    83             0
    84             0
    85             0
    86             0
    87             0
    88             0
    89             0
    90             0
    91             0
    92             0
    93             0
    94             0
    95             0
    96             0
    97             0
    98             0
    99             0
   100             0
   101             0
   102             0
   103             0
   104             0
   105             0
   106             0
   107             0
   108             0
   109             0
   110             0
   111             0
   112             0
   113             0
   114             0
   115             0
   116             0
   117             0
   118             0
   119             0
   120             0
   121             0
   122             0
   123             0
   124             0
   125             0
   126             0
   127             0
   128             0
   129             0
   130             0
   131             0
   132             0
   133             0
   134             0
   135             0
   136             0
   137             0
   138             0
   139             0
   140             0
   141             0
   142             0
   143             0
   144             0
   145             0
   146             0
   147             0
   148             0
   149             0
   150             0
   151             0
   152             0
   153             0
   154             0
   155             0
   156             0
   157             0
   158             0
   159             0
   160             0
   161             0
   162             0
   163             0
   164             0
   165             0
   166             0
   167             0
   168             0
   169             0
   170             0
   171             0
   172             0
   173             0
   174             0
   175             0
   176             0
   177             0
   178             0
   179             0
   180             0
   181             0
   182             0
   183             0
   184             0
   185             0
   186             0
   187             0
   188             0
   189             0
   190             0
   191             0
   192             0
   193             0
   194             0
   195             0
   196             0
   197             0
   198             0
   199             0
   200             0
   201             0
   202             0
   203             0
   204             0
   205             0
   206             0
   207             0
   208             0
   209             0
   210             0
   211             0
   212             0
   213             0
   214             0
   215             0
   216             0
   217             0
   218             0
   219             0
   220             0
   221             0
   222             0
   223             0
   224             0
   225             0
   226             0
   227             0
   228             0
   229             0
   230             0
   231             0
   232             0
   233             0
   234             0
   235             0
   236             0
   237             0
   238             0
   239             0
   240             0
   241             0
   242             0
   243             0
   244             0
   245             0
   246             0
   247             0
   248             0
   249             0
   250             0
   251             0
   252             0
   253             0
   254             0
   255             0
   256             0
   257             0
   258             0
   259             0
   260             0
   261             0
   262             0
   263             0
   264             0
   265             0
   266             0
   267             0
   268             0
   269             0
   270             0
   271             0
   272             0
   273             0
   274             0
   275             0
   276             0
   277             0
   278             0
   279             0
   280             0
   281             0
   282             0
   283             0
   284             0
   285             0
   286             0
   287             0
   288             0
   289             0
   290             0
   291             0
   292             0
   293             0
   294             0
   295             0
   296             0
   297             0
   298             0
   299             0
   300             0
   301             0
   302             0
   303             0
   304             0
   305             0
   306             0
   307             0
   308             0
   309             0
   310             0
   311             0
   312             0
   313             0
   314             0
   315             0
   316             0
   317             0
   318             0
   319             0
   320             0
   321             0
   322             0
   323             0
   324             0
   325             0
   326             0
   327             0
   328             0
   329             0
   330             0
   331             0
   332             0
   333             0
   334             0
   335             0
   336             0
   337             0
   338             0
   339             0
   340             0
   341             0
   342             0
   343             0
   344             0
   345             0
   346             0
   347             0
   348             0
   349             0
   350             0
   351             0
   352             0
   353             0
   354             0
   355             0
   356             0
   357             0
   358             0
   359             0
   360             0
   361             0
   362             0
   363             0
   364             0
   365             0
   366             0
   367             0
   368             0
   369             0
   370             0
   371             0
   372             0
   373             0
   374             0
   375             0
   376             0
   377             0
   378             0
   379             0
   380             0
   381             0
   382             0
   383             0
   384             0
   385             0
   386             0
   387             0
   388             0
   389             0
   390             0
   391             0
   392             0
   393             0
   394             0
   395             0
   396             0
   397             0
   398             0
   399             0
   400             0
   401             0
   402             0
   403             0
   404             0
   405             0
   406             0
   407             0
   408             0
   409             0
   410             0
   411             0
   412             0
   413             0
   414             0
   415             0
   416             0
   417             0
   418             0
   419             0
   420             0
   421             0
   422             0
   423             0
   424             0
   425             0
   426             0
   427             0
   428             0
   429             0
   430             0
   431             0
   432             0
   433             0
   434             0
   435             0
   436             0
   437             0
   438             0
   439             0
   440             0
   441             0
   442             0
   443             0
   444             0
   445             0
   446             0
   447             0
   448             0
   449             0
   450             0
   451             0
   452             0
   453             0
   454             0
   455             0
   456             0
   457             0
   458             0
   459             0
   460             0
   461             0
   462             0
   463             0
   464             0
   465             0
   466             0
   467             0
   468             0
   469             0
   470             0
   471             0
   472             0
   473             0
   474             0
   475             0
   476             0
   477             0
   478             0
   479             0
   480             0
   481             0
   482             0
   483             0
   484             0
   485             0
   486             0
   487             0
   488             0
   489             0
   490             0
   491             0
   492             0
   493             0
   494             0
   495             0
   496             0
   497             0
   498             0
   499             0
   500             1
   501             0
   502             1
   503             1
   504             0
   505             1
   506             2
   507             1
   508             1
   509             2
   510             0
   511             3
   512             1
   513             0
   514             1
   515             1
   516             0
   517             1
   518             0
   519             0
   520             2
   521             2
   522             1
   523             1
   524             1
   525             0
   526             0
   527             1
   528             1
   529             1
   530             0
   531             0
   532             1
   533             0
   534             0
   535             1
   536             1
   537             0
   538             0
   539             2
   540             2
   541             1
   542             0
   543             0
   544             1
   545             0
   546             3
   547             1
   548             0
   549             0
   550             2
   551             0
   552             0
   553             1
   554             0
   555             0
   556             1
   557             0
   558             0
   559             3
   560             4
   561             0
   562             0
   563             0
   564             0
   565             1
   566             0
   567             2
   568             1
   569             0
   570             1
   571             2
   572             2
   573             1
   574             3
   575             3
   576             0
   577             2
   578             1
   579             0
   580             1
   581             0
   582             1
   583             0
   584             1
   585             0
   586             0
   587             1
   588             1
   589             0
   590             3
   591             1
   592             1
   593             2
   594             0
   595             0
   596             0
   597             0
   598             0
   599             2
   600             3
   601             1
   602             0
   603             0
   604             0
   605             1
   606             1
   607             1
   608             1
   609             1
   610             0
   611             1
   612             0
   613             1
   614             1
   615             2
   616             0
   617             0
   618             1
   619             1
   620             0
   621             0
   622             1
   623             0
   624             1
   625             1
   626             1
   627             0
   628             0
   629             2
   630             1
   631             2
   632             1
   633             1
   634             1
   635             0
   636             0
   637             0
   638             2
   639             1
   640             0
   641             1
   642             1
   643             1
   644             0
   645             1
   646             2
   647             1
   648             2
   649             1
   650             0
   651             0
   652             1
   653             0
   654             0
   655             1
   656             3
   657             2
   658             0
   659             2
   660             0
   661             0
   662             0
   663             1
   664             1
   665             1
   666             1
   667             5
   668             0
   669             2
   670             0
   671             0
   672             1
   673             1
   674             0
   675             0
   676             1
   677             0
   678             3
   679             2
   680             1
   681             2
   682             0
   683             0
   684             2
   685             1
   686             1
   687             0
   688             0
   689             0
   690             1
   691             2
   692             0
   693             0
   694             1
   695             0
   696             0
   697             3
   698             2
   699             1
   700             1
   701             0
   702             1
   703             0
   704             1
   705             1
   706             2
   707             1
   708             1
   709             2
   710             1
   711             0
   712             1
   713             0
   714             0
   715             2
   716             2
   717             0
   718             1
   719             0
   720             1
   721             2
   722             1
   723             1
   724             4
   725             2
   726             2
   727             0
   728             1
   729             0
   730             0
   731             1
   732             2
   733             0
   734             1
   735             1
   736             1
   737             0
   738             2
   739             1
   740             0
   741             1
   742             2
   743             1
   744             0
   745             2
   746             1
   747             1
   748             1
   749             1
   750             0
   751             3
   752             1
   753             1
   754             0
   755             0
   756             1
   757             0
   758             0
   759             2
   760             1
   761             0
   762             0
   763             0
   764             0
   765             1
   766             0
   767             1
   768             1
   769             0
   770             1
   771             3
   772             0
   773             0
   774             5
   775             0
   776             0
   777             1
   778             1
   779             0
   780             2
   781             0
   782             0
   783             1
   784             1
   785             2
   786             2
   787             0
   788             1
   789             1
   790             2
   791             0
   792             3
   793             2
   794             0
   795             0
   796             1
   797             2
   798             0
   799             2
   800             1
   801             1
   802             1
   803             2
   804             1
   805             1
   806             1
   807             1
   808             0
   809             1
   810             0
   811             0
   812             1
   813             1
   814             2
   815             1
   816             2
   817             0
   818             4
   819             2
   820             1
   821             1
   822             1
   823             0
   824             1
   825             0
   826             2
   827             1
   828             1
   829             1
   830             1
   831             2
   832             2
   833             0
   834             0
   835             3
   836             0
   837             2
   838             0
   839             0
   840             0
   841             2
   842             0
   843             0
   844             1
   845             1
   846             0
   847             1
   848             0
   849             0
   850             1
   851             3
   852             2
   853             3
   854             1
   855             3
   856             0
   857             0
   858             1
   859             1
   860             2
   861             2
   862             1
   863             2
   864             0
   865             1
   866             1
   867             0
   868             1
   869             1
   870             2
   871             0
   872             3
   873             1
   874             2
   875             1
   876             1
   877             1
   878             1
   879             1
   880             1
   881             1
   882             0
   883             4
   884             2
   885             2
   886             1
   887             0
   888             0
   889             1
   890             1
   891             0
   892             1
   893             1
   894             2
   895             2
   896             0
   897             0
   898             1
   899             1
   900             1
   901             1
   902             1
   903             2
   904             2
   905             1
   906             2
   907             2
   908             3
   909             2
   910             1
   911             2
   912             2
   913             0
   914             1
   915             2
   916             1
   917             1
   918             1
   919             1
   920             2
   921             2
   922             1
   923             3
   924             0
   925             0
   926             1
   927             0
   928             1
   929             2
   930             0
   931             0
   932             0
   933             1
   934             1
   935             0
   936             3
   937             1
   938             1
   939             2
   940             0
   941             3
   942             1
   943             3
   944             0
   945             2
   946             1
   947             1
   948             1
   949             2
   950             1
   951             2
   952             1
   953             1
   954             4
   955             0
   956             1
   957             3
   958             1
   959             3
   960             3
   961             2
   962             2
   963             1
   964             2
   965             1
   966             3
   967             3
   968             1
   969             0
   970             1
   971             1
   972             6
   973             3
   974             0
   975             2
   976             4
   977             1
   978             3
   979             0
   980             2
   981             1
   982             1
   983             2
   984             0
   985             3
   986             1
   987             0
   988             1
   989             3
   990             0
   991             1
   992             3
   993             3
   994             1
   995             1
   996             2
   997             3
   998             2
   999             1
  1000             1
  1001             0
  1002             3
  1003             1
  1004             1
  1005             2
  1006             1
  1007             2
  1008             1
  1009             2
  1010             1
  1011             3
  1012             2
  1013             0
  1014             0
  1015             3
  1016             0
  1017             0
  1018             0
  1019             2
  1020             0
  1021             2
  1022             1
  1023             2
  1024             1
  1025             1
  1026             1
  1027             1
  1028             2
  1029             0
  1030             4
  1031             1
  1032             1
  1033             0
  1034             2
  1035             2
  1036             1
  1037             3
  1038             3
  1039             0
  1040             2
  1041             1
  1042             3
  1043             3
  1044             1
  1045             2
  1046             1
  1047             2
  1048             2
  1049             1
  1050             2
  1051             3
  1052             0
  1053             1
  1054             2
  1055             0
  1056             1
  1057             2
  1058             1
  1059             1
  1060             3
  1061             4
  1062             3
  1063             3
  1064             1
  1065             5
  1066             4
  1067             1
  1068             1
  1069             2
  1070             1
  1071             1
  1072             1
  1073             4
  1074             1
  1075             2
  1076             2
  1077             0
  1078             3
  1079             2
  1080             2
  1081             0
  1082             2
  1083             3
  1084             2
  1085             0
  1086             0
  1087             1
  1088             1
  1089             2
  1090             0
  1091             1
  1092             3
  1093             1
  1094             2
  1095             1
  1096             0
  1097             1
  1098             4
  1099             3
  1100             4
  1101             2
  1102             0
  1103             2
  1104             4
  1105             3
  1106             1
  1107             0
  1108             1
  1109             2
  1110             1
  1111             4
  1112             2
  1113             3
  1114             5
  1115             6
  1116             1
  1117             1
  1118             3
  1119             0
  1120             3
  1121             3
  1122             0
  1123             3
  1124             1
  1125             3
  1126             1
  1127             1
  1128             5
  1129             3
  1130             2
  1131             1
  1132             1
  1133             1
  1134             2
  1135             1
  1136             1
  1137             2
  1138             1
  1139             1
  1140             1
  1141             1
  1142             1
  1143             3
  1144             2
  1145             1
  1146             2
  1147             2
  1148             2
  1149             4
  1150             0
  1151             1
  1152             0
  1153             4
  1154             2
  1155             4
  1156             3
  1157             3
  1158             1
  1159             3
  1160             5
  1161             2
  1162             2
  1163             1
  1164             3
  1165             2
  1166             3
  1167             2
  1168             3
  1169             1
  1170             5
  1171             0
  1172             1
  1173             2
  1174             4
  1175             5
  1176             0
  1177             2
  1178             1
  1179             1
  1180             0
  1181             3
  1182             2
  1183             3
  1184             2
  1185             3
  1186             2
  1187             1
  1188             3
  1189             1
  1190             2
  1191             1
  1192             3
  1193             0
  1194             3
  1195             2
  1196             0
  1197             0
  1198             3
  1199             3
  1200             2
  1201             3
  1202             2
  1203             8
  1204             1
  1205             2
  1206             2
  1207             0
  1208             4
  1209             2
  1210             2
  1211             5
  1212             2
  1213             1
  1214             2
  1215             0
  1216             3
  1217             3
  1218             0
  1219             5
  1220             1
  1221             1
  1222             3
  1223             5
  1224             3
  1225             6
  1226             1
  1227             1
  1228             1
  1229             1
  1230             0
  1231             1
  1232             1
  1233             5
  1234             2
  1235             1
  1236             1
  1237             9
  1238             2
  1239             5
  1240             1
  1241             1
  1242             3
  1243             3
  1244             3
  1245             2
  1246             7
  1247             4
  1248             5
  1249             0
  1250             5
  1251             1
  1252             3
  1253             1
  1254             1
  1255             1
  1256             7
  1257             6
  1258             2
  1259             3
  1260             4
  1261             6
  1262             3
  1263             2
  1264             4
  1265             5
  1266             1
  1267             3
  1268             3
  1269             4
  1270             8
  1271             0
  1272             2
  1273             4
  1274             0
  1275             4
  1276             0
  1277             5
  1278             5
  1279             3
  1280             4
  1281             1
  1282             3
  1283             3
  1284             4
  1285             0
  1286             2
  1287             5
  1288             5
  1289             4
  1290             7
  1291             3
  1292             2
  1293             8
  1294             6
  1295             2
  1296             6
  1297             2
  1298             3
  1299             3
  1300             1
  1301             4
  1302             6
  1303             3
  1304             4
  1305             6
  1306             9
  1307             2
  1308             1
  1309             7
  1310             1
  1311             6
  1312             3
  1313             4
  1314             3
  1315             5
  1316             5
  1317             1
  1318             4
  1319             1
  1320             7
  1321             3
  1322             1
  1323             4
  1324             2
  1325             6
  1326             6
  1327             2
  1328             2
  1329             3
  1330             2
  1331             2
  1332             4
  1333             1
  1334             6
  1335             7
  1336             2
  1337             3
  1338             1
  1339             3
  1340             8
  1341             6
  1342             5
  1343             3
  1344             3
  1345             5
  1346             6
  1347             3
  1348             3
  1349             2
  1350             5
  1351             3
  1352             5
  1353             3
  1354             4
  1355             2
  1356             2
  1357             6
  1358             4
  1359             5
  1360             3
  1361             5
  1362             6
  1363             4
  1364             4
  1365             6
  1366             1
  1367             8
  1368             3
  1369             5
  1370             3
  1371             4
  1372             1
  1373             3
  1374             2
  1375             5
  1376             5
  1377             8
  1378             7
  1379             5
  1380             5
  1381             9
  1382             4
  1383             7
  1384             6
  1385             6
  1386            12
  1387             3
  1388            10
  1389             4
  1390            11
  1391             2
  1392             5
  1393             7
  1394             7
  1395             8
  1396             4
  1397             8
  1398            10
  1399             3
  1400             5
  1401             3
  1402             7
  1403             8
  1404             9
  1405            10
  1406             9
  1407             6
  1408             4
  1409             6
  1410            10
  1411            11
  1412            10
  1413             5
  1414             6
  1415             9
  1416             4
  1417             3
  1418             5
  1419            10
  1420            12
  1421            10
  1422             8
  1423            14
  1424            13
  1425            10
  1426            11
  1427             8
  1428             5
  1429             9
  1430            16
  1431            13
  1432            10
  1433             9
  1434             8
  1435            15
  1436            13
  1437            13
  1438            14
  1439             7
  1440            10
  1441            22
  1442             7
  1443            12
  1444            11
  1445            16
  1446            11
  1447            25
  1448            13
  1449            15
  1450            14
  1451            12
  1452            11
  1453            17
  1454            14
  1455            19
  1456            15
  1457            21
  1458            16
  1459            25
  1460            15
  1461            20
  1462            19
  1463            18
  1464            17
  1465            25
  1466            26
  1467            18
  1468            19
  1469            20
  1470            24
  1471            21
  1472            30
  1473            29
  1474            34
  1475            39
  1476            38
  1477            26
  1478            25
  1479            29
  1480            36
  1481            29
  1482            32
  1483            36
  1484            34
  1485            36
  1486            30
  1487            32
  1488            34
  1489            43
  1490            38
  1491            30
  1492            45
  1493            43
  1494            44
  1495            49
  1496            44
  1497            42
  1498            56
  1499            41
  1500            48
  1501            32
  1502            42
  1503            46
  1504            52
  1505            49
  1506            54
  1507            57
  1508            56
  1509            57
  1510            75
  1511            73
  1512            60
  1513            63
  1514            61
  1515            72
  1516            77
  1517            88
  1518            84
  1519            93
  1520            82
  1521            87
  1522            98
  1523            73
  1524            94
  1525           100
  1526            97
  1527            98
  1528           113
  1529           105
  1530           135
  1531           112
  1532           103
  1533           157
  1534           136
  1535           134
  1536           167
  1537           136
  1538           137
  1539           141
  1540           161
  1541           150
  1542           142
  1543           183
  1544           154
  1545           163
  1546           144
  1547           177
  1548           163
  1549           192
  1550           178
  1551           169
  1552           194
  1553           171
  1554           182
  1555           164
  1556           177
  1557           169
  1558           190
  1559           159
  1560           179
  1561           174
  1562           168
  1563           178
  1564           173
  1565           159
  1566           154
  1567           155
  1568           145
  1569           156
  1570           155
  1571           140
  1572           134
  1573           127
  1574           151
  1575           127
  1576           144
  1577           116
  1578           124
  1579           128
  1580           118
  1581           112
  1582           103
  1583           110
  1584            95
  1585            94
  1586            93
  1587            85
  1588            90
  1589            77
  1590            87
  1591            55
  1592            54
  1593            65
  1594            55
  1595            63
  1596            53
  1597            45
  1598            42
  1599            45
  1600            43
  1601            28
  1602            38
  1603            31
  1604            28
  1605            28
  1606            30
  1607            29
  1608            23
  1609            26
  1610            18
  1611            21
  1612            22
  1613            26
  1614            19
  1615            13
  1616            15
  1617            17
  1618            10
  1619            12
  1620            14
  1621            10
  1622             5
  1623            13
  1624             7
  1625            10
  1626            12
  1627            12
  1628            12
  1629             8
  1630             9
  1631            10
  1632            13
  1633             9
  1634            10
  1635             9
  1636             9
  1637            11
  1638             9
  1639             9
  1640             5
  1641            10
  1642             8
  1643             9
  1644            11
  1645            11
  1646             7
  1647             8
  1648            10
  1649             8
  1650            17
  1651            13
  1652            10
  1653            12
  1654             8
  1655            16
  1656            10
  1657            10
  1658            10
  1659            11
  1660            14
  1661             9
  1662            15
  1663            12
  1664            14
  1665            10
  1666            13
  1667            14
  1668            17
  1669            18
  1670            19
  1671            10
  1672            18
  1673            16
  1674            20
  1675            18
  1676            20
  1677            20
  1678            15
  1679            22
  1680            15
  1681            20
  1682            17
  1683            12
  1684            29
  1685            22
  1686            18
  1687            25
  1688            21
  1689            25
  1690            29
  1691            24
  1692            25
  1693            32
  1694            33
  1695            20
  1696            31
  1697            38
  1698            33
  1699            37
  1700            37
  1701            46
  1702            51
  1703            37
  1704            43
  1705            35
  1706            52
  1707            50
  1708            44
  1709            47
  1710            52
  1711            53
  1712            42
  1713            56
  1714            62
  1715            56
  1716            74
  1717            65
  1718            69
  1719            72
  1720            58
  1721            73
  1722            83
  1723            92
  1724            90
  1725            95
  1726            88
  1727            91
  1728           103
  1729           100
  1730            94
  1731           104
  1732           114
  1733           118
  1734           115
  1735           124
  1736           114
  1737           134
  1738           139
  1739           122
  1740           126
  1741           115
  1742           152
  1743           142
  1744           158
  1745           149
  1746           132
  1747           151
  1748           153
  1749           147
  1750           176
  1751           152
  1752           146
  1753           132
  1754           173
  1755           164
  1756           163
  1757           155
  1758           175
  1759           173
  1760           179
  1761           173
  1762           152
  1763           178
  1764           150
  1765           174
  1766           166
  1767           165
  1768           169
  1769           157
  1770           173
  1771           156
  1772           169
  1773           144
  1774           160
  1775           151
  1776           153
  1777           187
  1778           148
  1779           139
  1780           145
  1781           133
  1782           147
  1783           135
  1784           160
  1785           128
  1786           130
  1787           122
  1788           141
  1789           157
  1790           124
  1791           152
  1792           146
  1793           150
  1794           135
  1795           148
  1796           148
  1797           126
  1798           159
  1799           110
  1800           157
  1801           138
  1802           156
  1803           143
  1804           150
  1805           155
  1806           163
  1807           152
  1808           176
  1809           156
  1810           147
  1811           159
  1812           164
  1813           172
  1814           189
  1815           171
  1816           171
  1817           178
  1818           185
  1819           169
  1820           188
  1821           176
  1822           204
  1823           190
  1824           197
  1825           220
  1826           190
  1827           205
  1828           200
  1829           167
  1830           192
  1831           205
  1832           199
  1833           205
  1834           186
  1835           181
  1836           158
  1837           188
  1838           180
  1839           156
  1840           168
  1841           173
  1842           165
  1843           172
  1844           148
  1845           169
  1846           132
  1847           170
  1848           152
  1849           144
  1850           136
  1851           130
  1852           132
  1853           133
  1854           111
  1855           137
  1856            93
  1857            97
  1858            99
  1859            78
  1860            76
  1861            88
  1862            79
  1863            70
  1864            87
  1865            54
  1866            66
  1867            53
  1868            57
  1869            57
  1870            43
  1871            36
  1872            43
  1873            40
  1874            36
  1875            35
  1876            25
  1877            28
  1878            32
  1879            32
  1880            21
  1881            11
  1882            18
  1883            17
  1884            15
  1885            18
  1886             5
  1887             8
  1888            13
  1889             8
  1890             5
  1891            13
  1892            13
  1893            14
  1894             8
  1895            17
  1896             8
  1897            14
  1898            10
  1899            10
  1900             9
  1901             7
  1902             4
  1903             5
  1904            11
  1905             8
  1906            13
  1907            11
  1908             9
  1909            10
  1910            13
  1911            14
  1912            11
  1913            10
  1914             5
  1915             5
  1916             9
  1917             6
  1918             9
  1919            11
  1920            14
  1921             7
  1922             9
  1923            14
  1924            12
  1925            10
  1926            12
  1927             7
  1928             7
  1929            16
  1930             8
  1931            12
  1932             6
  1933            10
  1934             8
  1935             9
  1936            20
  1937            14
  1938            16
  1939            11
  1940            18
  1941            15
  1942            18
  1943            16
  1944            17
  1945            26
  1946            15
  1947            17
  1948            19
  1949            28
  1950            26
  1951            22
  1952            17
  1953            25
  1954            18
  1955            25
  1956            19
  1957            24
  1958            26
  1959            27
  1960            35
  1961            30
  1962            35
  1963            35
  1964            41
  1965            46
  1966            28
  1967            36
  1968            40
  1969            37
  1970            50
  1971            53
  1972            49
  1973            48
  1974            62
  1975            51
  1976            56
  1977            60
  1978            63
  1979            74
  1980            81
  1981            76
  1982            68
  1983            81
  1984            78
  1985            86
  1986            89
  1987            97
  1988            74
  1989            95
  1990           103
  1991           118
  1992            84
  1993           116
  1994           115
  1995           120
  1996           141
  1997           117
  1998           135
  1999           155
  2000           141
  2001           131
  2002           156
  2003           155
  2004           168
  2005           171
  2006           160
  2007           180
  2008           157
  2009           177
  2010           172
  2011           177
  2012           167
  2013           184
  2014           158
  2015           196
  2016           201
  2017           180
  2018           180
  2019           178
  2020           192
  2021           196
  2022           198
  2023           188
  2024           191
  2025           187
  2026           183
  2027           189
  2028           204
  2029           184
  2030           197
  2031           189
  2032           166
  2033           176
  2034           191
  2035           160
  2036           153
  2037           161
  2038           141
  2039           131
  2040           164
  2041           120
  2042           114
  2043           136
  2044           117
  2045           100
  2046           106
  2047           119
  2048            97
  2049           110
  2050            82
  2051            89
  2052            82
  2053            86
  2054            73
  2055            83
  2056            67
  2057            71
  2058            43
  2059            58
  2060            43
  2061            42
  2062            44
  2063            35
  2064            34
  2065            37
  2066            21
  2067            21
  2068            23
  2069            36
  2070            19
  2071            21
  2072            13
  2073            11
  2074            19
  2075            12
  2076            12
  2077            13
  2078             7
  2079            10
  2080             6
  2081             9
  2082            10
  2083             8
  2084             7
  2085             4
  2086             3
  2087             2
  2088             8
  2089             2
  2090             3
  2091             2
  2092             1
  2093             1
  2094             2
  2095             1
  2096             0
  2097             3
  2098             3
  2099             1
  2100             1
  2101             2
  2102             0
  2103             0
  2104             1
  2105             1
  2106             2
  2107             3
  2108             1
  2109             1
  2110             0
  2111             1
  2112             0
  2113             0
  2114             1
  2115             0
  2116             0
  2117             1
  2118             1
  2119             0
  2120             1
  2121             2
  2122             0
  2123             0
  2124             0
  2125             2
  2126             1
  2127             1
  2128             0
  2129             4
  2130             0
  2131             0
  2132             0
  2133             1
  2134             0
  2135             0
  2136             1
  2137             0
  2138             0
  2139             0
  2140             0
  2141             1
  2142             1
  2143             0
  2144             0
  2145             2
  2146             0
  2147             1
  2148             1
  2149             1
  2150             1
  2151             0
  2152             0
  2153             0
  2154             0
  2155             0
  2156             0
  2157             0
  2158             1
  2159             0
  2160             0
  2161             1
  2162             1
  2163             0
  2164             1
  2165             0
  2166             0
  2167             0
  2168             1
  2169             1
  2170             1
  2171             2
  2172             2
  2173             1
  2174             0
  2175             0
  2176             1
  2177             4
  2178             0
  2179             0
  2180             2
  2181             0
  2182             1
  2183             0
  2184             0
  2185             0
  2186             0
  2187             0
  2188             2
  2189             2
  2190             2
  2191             0
  2192             1
  2193             0
  2194             0
  2195             1
  2196             0
  2197             0
  2198             2
  2199             1
  2200             2
  2201             0
  2202             0
  2203             1
  2204             1
  2205             0
  2206             1
  2207             1
  2208             0
  2209             0
  2210             1
  2211             0
  2212             0
  2213             0
  2214             2
  2215             0
  2216             0
  2217             1
  2218             2
  2219             0
  2220             1
  2221             2
  2222             0
  2223             2
  2224             0
  2225             4
  2226             0
  2227             1
  2228             2
  2229             1
  2230             1
  2231             0
  2232             0
  2233             2
  2234             1
  2235             0
  2236             2
  2237             1
  2238             1
  2239             0
  2240             2
  2241             1
  2242             0
  2243             1
  2244             2
  2245             0
  2246             2
  2247             0
  2248             0
  2249             1
  2250             0
  2251             1
  2252             1
  2253             1
  2254             2
  2255             1
  2256             2
  2257             1
  2258             0
  2259             1
  2260             1
  2261             1
  2262             1
  2263             2
  2264             0
  2265             1
  2266             1
  2267             0
  2268             0
  2269             2
  2270             1
  2271             0
  2272             3
  2273             1
  2274             0
  2275             0
  2276             0
  2277             1
  2278             0
  2279             0
  2280             2
  2281             0
  2282             1
  2283             1
  2284             1
  2285             2
  2286             1
  2287             0
  2288             0
  2289             1
  2290             2
  2291             1
  2292             3
  2293             2
  2294             3
  2295             0
  2296             1
  2297             0
  2298             3
  2299             0
  2300             1
  2301             2
  2302             0
  2303             0
  2304             2
  2305             2
  2306             1
  2307             2
  2308             1
  2309             1
  2310             0
  2311             0
  2312             2
  2313             0
  2314             1
  2315             1
  2316             2
  2317             0
  2318             0
  2319             0
  2320             1
  2321             0
  2322             2
  2323             3
  2324             1
  2325             1
  2326             1
  2327             3
  2328             1
  2329             1
  2330             1
  2331             0
  2332             1
  2333             0
  2334             0
  2335             1
  2336             1
  2337             1
  2338             4
  2339             1
  2340             0
  2341             1
  2342             0
  2343             0
  2344             0
  2345             1
  2346             1
  2347             1
  2348             4
  2349             1
  2350             1
  2351             0
  2352             4
  2353             1
  2354             3
  2355             1
  2356             1
  2357             2
  2358             1
  2359             0
  2360             1
  2361             0
  2362             0
  2363             0
  2364             0
  2365             0
  2366             1
  2367             0
  2368             1
  2369             0
  2370             2
  2371             1
  2372             5
  2373             1
  2374             2
  2375             1
  2376             0
  2377             3
  2378             1
  2379             0
  2380             0
  2381             3
  2382             3
  2383             0
  2384             2
  2385             1
  2386             2
  2387             1
  2388             2
  2389             1
  2390             1
  2391             2
  2392             2
  2393             1
  2394             1
  2395             2
  2396             3
  2397             0
  2398             2
  2399             1
  2400             1
  2401             0
  2402             0
  2403             4
  2404             3
  2405             0
  2406             1
  2407             1
  2408             2
  2409             2
  2410             2
  2411             2
  2412             2
  2413             1
  2414             2
  2415             0
  2416             3
  2417             1
  2418             0
  2419             2
  2420             3
  2421             3
  2422             3
  2423             4
  2424             2
  2425             2
  2426             0
  2427             1
  2428             3
  2429             2
  2430             2
  2431             1
  2432             0
  2433             1
  2434             1
  2435             1
  2436             1
  2437             1
  2438             0
  2439             1
  2440             4
  2441             2
  2442             1
  2443             2
  2444             3
  2445             1
  2446             2
  2447             1
  2448             2
  2449             2
  2450             3
  2451             2
  2452             1
  2453             1
  2454             3
  2455             1
  2456             1
  2457             2
  2458             1
  2459             5
  2460             1
  2461             4
  2462             2
  2463             1
  2464             1
  2465             7
  2466             6
  2467             4
  2468             2
  2469             3
  2470             4
  2471             5
  2472             5
  2473             1
  2474             1
  2475             1
  2476             4
  2477             1
  2478             3
  2479             2
  2480             6
  2481             3
  2482             2
  2483             2
  2484             5
  2485             2
  2486             3
  2487             5
  2488             5
  2489             5
  2490             3
  2491             8
  2492             6
  2493             2
  2494             5
  2495             7
  2496             5
  2497             5
  2498             5
  2499             3
  2500             3
  2501             1
  2502             7
  2503             5
  2504             7
  2505             4
  2506             5
  2507             7
  2508             5
  2509             8
  2510             1
  2511             2
  2512             5
  2513             5
  2514             5
  2515             2
  2516             7
  2517             9
  2518             3
  2519             7
  2520             5
  2521             8
  2522             6
  2523             6
  2524             9
  2525             7
  2526             6
  2527             5
  2528             5
  2529             7
  2530             4
  2531             6
  2532             6
  2533            13
  2534            17
  2535            15
  2536            11
  2537            11
  2538             8
  2539             9
  2540            14
  2541            13
  2542            10
  2543            12
  2544            10
  2545            10
  2546            11
  2547            11
  2548            14
  2549             8
  2550            12
  2551            14
  2552             8
  2553            16
  2554            13
  2555            16
  2556            18
  2557            14
  2558            15
  2559            19
  2560            15
  2561            11
  2562            14
  2563            24
  2564            19
  2565            19
  2566            25
  2567            27
  2568            18
  2569            22
  2570            32
  2571            27
  2572            25
  2573            38
  2574            22
  2575            36
  2576            47
  2577            42
  2578            37
  2579            34
  2580            41
  2581            53
  2582            41
  2583            43
  2584            44
  2585            54
  2586            46
  2587            59
  2588            53
  2589            61
  2590            57
  2591            70
  2592            81
  2593            65
  2594            65
  2595            77
  2596            89
  2597            85
  2598            84
  2599            84
  2600            90
  2601            89
  2602            97
  2603            95
  2604           130
  2605           100
  2606            85
  2607           101
  2608           117
  2609           136
  2610           131
  2611           123
  2612           147
  2613           155
  2614           146
  2615           154
  2616           140
  2617           128
  2618           134
  2619           156
  2620           147
  2621           191
  2622           175
  2623           175
  2624           184
  2625           155
  2626           210
  2627           199
  2628           171
  2629           183
  2630           191
  2631           175
  2632           198
  2633           192
  2634           182
  2635           175
  2636           189
  2637           189
  2638           188
  2639           188
  2640           182
  2641           191
  2642           166
  2643           170
  2644           175
  2645           169
  2646           176
  2647           149
  2648           182
  2649           176
  2650           137
  2651           147
  2652           144
  2653           132
  2654           154
  2655           127
  2656           130
  2657           136
  2658           120
  2659           130
  2660           107
  2661           121
  2662            87
  2663            87
  2664            91
  2665           105
  2666            79
  2667            77
  2668            67
  2669            92
  2670            61
  2671            60
  2672            62
  2673            63
  2674            44
  2675            43
  2676            38
  2677            36
  2678            39
  2679            25
  2680            32
  2681            37
  2682            23
  2683            20
  2684            16
  2685            26
  2686            13
  2687            13
  2688            13
  2689             5
  2690            18
  2691             3
  2692             6
  2693             7
  2694             8
  2695             6
  2696             6
  2697             3
  2698             6
  2699             3
  2700             3
  2701             4
  2702             3
  2703             1
  2704             3
  2705             0
  2706             2
  2707             2
  2708             0
  2709             1
  2710             0
  2711             0
  2712             0
  2713             0
  2714             0
  2715             1
  2716             1
  2717             0
  2718             0
  2719             1
  2720             1
  2721             1
  2722             1
  2723             0
  2724             0
  2725             0
  2726             0
  2727             0
  2728             0
  2729             0
  2730             0
  2731             0
  2732             0
  2733             0
  2734             0
  2735             0
  2736             0
  2737             0
  2738             0
  2739             0
  2740             0
  2741             0
  2742             0
  2743             0
  2744             0
  2745             0
  2746             1
  2747             0
  2748             0
  2749             0
  2750             0
  2751             0
  2752             0
  2753             0
  2754             0
  2755             1
  2756             0
  2757             0
  2758             0
  2759             0
  2760             0
  2761             0
  2762             0
  2763             0
  2764             0
  2765             0
  2766             0
  2767             0
  2768             0
  2769             0
  2770             0
  2771             0
  2772             1
  2773             0
  2774             0
  2775             0
  2776             0
  2777             0
  2778             0
  2779             0
  2780             0
  2781             0
  2782             0
  2783             0
  2784             0
  2785             0
  2786             0
  2787             0
  2788             0
  2789             0
  2790             0
  2791             0
  2792             0
  2793             0
  2794             0
  2795             0
  2796             0
  2797             0
  2798             0
  2799             0
  2800             0
  2801             1
  2802             0
  2803             0
  2804             0
  2805             0
  2806             0
  2807             0
  2808             0
  2809             0
  2810             1
  2811             0
  2812             0
  2813             0
  2814             0
  2815             0
  2816             0
  2817             0
  2818             0
  2819             0
  2820             0
  2821             0
  2822             0
  2823             0
  2824             1
  2825             0
  2826             0
  2827             0
  2828             0
  2829             0
  2830             0
  2831             0
  2832             0
  2833             0
  2834             0
  2835             0
  2836             0
  2837             0
  2838             0
  2839             0
  2840             0
  2841             0
  2842             0
  2843             0
  2844             1
  2845             0
  2846             0
  2847             0
  2848             1
  2849             0
  2850             0
  2851             1
  2852             0
  2853             0
  2854             0
  2855             0
  2856             0
  2857             0
  2858             0
  2859             0
  2860             0
  2861             0
  2862             0
  2863             0
  2864             0
  2865             0
  2866             0
  2867             0
  2868             0
  2869             0
  2870             0
  2871             0
  2872             0
  2873             0
  2874             0
  2875             0
  2876             0
  2877             0
  2878             0
  2879             0
  2880             0
  2881             0
  2882             1
  2883             0
  2884             0
  2885             0
  2886             0
  2887             0
  2888             0
  2889             1
  2890             0
  2891             0
  2892             0
  2893             0
  2894             0
  2895             0
  2896             0
  2897             1
  2898             0
  2899             0
  2900             0
  2901             0
  2902             0
  2903             0
  2904             0
  2905             0
  2906             0
  2907             0
  2908             0
  2909             0
  2910             0
  2911             0
  2912             0
  2913             0
  2914             0
  2915             0
  2916             0
  2917             1
  2918             0
  2919             0
  2920             0
  2921             0
  2922             0
  2923             0
  2924             0
  2925             0
  2926             0
  2927             0
  2928             0
  2929             1
  2930             0
  2931             0
  2932             0
  2933             0
  2934             0
  2935             0
  2936             0
  2937             0
  2938             0
  2939             0
  2940             0
  2941             0
  2942             0
  2943             0
  2944             0
  2945             0
  2946             1
  2947             0
  2948             0
  2949             0
  2950             0
  2951             0
  2952             0
  2953             0
  2954             0
  2955             0
  2956             0
  2957             0
  2958             0
  2959             0
  2960             1
  2961             0
  2962             1
  2963             0
  2964             0
  2965             0
  2966             1
  2967             0
  2968             0
  2969             0
  2970             0
  2971             0
  2972             0
  2973             0
  2974             0
  2975             0
  2976             1
  2977             1
  2978             0
  2979             0
  2980             0
  2981             0
  2982             0
  2983             0
  2984             0
  2985             0
  2986             0
  2987             0
  2988             0
  2989             0
  2990             0
  2991             0
  2992             0
  2993             0
  2994             0
  2995             1
  2996             0
  2997             0
  2998             0
  2999             0
  3000             0
  3001             0
  3002             0
  3003             0
  3004             0
  3005             0
  3006             1
  3007             0
  3008             0
  3009             0
  3010             0
  3011             0
  3012             0
  3013             0
  3014             0
  3015             1
  3016             0
  3017             0
  3018             0
  3019             0
  3020             0
  3021             0
  3022             0
  3023             0
  3024             0
  3025             0
  3026             0
  3027             0
  3028             0
  3029             0
  3030             0
  3031             0
  3032             0
  3033             0
  3034             0
  3035             0
  3036             0
  3037             0
  3038             0
  3039             0
  3040             0
  3041             0
  3042             0
  3043             0
  3044             0
  3045             1
  3046             0
  3047             0
  3048             0
  3049             0
  3050             0
  3051             1
  3052             0
  3053             0
  3054             0
  3055             0
  3056             0
  3057             0
  3058             0
  3059             0
  3060             0
  3061             0
  3062             0
  3063             0
  3064             0
  3065             0
  3066             0
  3067             0
  3068             0
  3069             0
  3070             0
  3071             0
  3072             0
  3073             0
  3074             0
  3075             0
  3076             0
  3077             0
  3078             0
  3079             0
  3080             0
  3081             0
  3082             0
  3083             0
  3084             0
  3085             1
  3086             0
  3087             0
  3088             0
  3089             0
  3090             0
  3091             0
  3092             0
  3093             0
  3094             0
  3095             0
  3096             0
  3097             1
  3098             0
  3099             0
  3100             1
  3101             1
  3102             1
  3103             0
  3104             0
  3105             0
  3106             0
  3107             0
  3108             0
  3109             0
  3110             0
  3111             0
  3112             0
  3113             1
  3114             0
  3115             0
  3116             0
  3117             0
  3118             0
  3119             0
  3120             0
  3121             0
  3122             0
  3123             0
  3124             0
  3125             0
  3126             0
  3127             0
  3128             1
  3129             0
  3130             0
  3131             0
  3132             0
  3133             0
  3134             0
  3135             0
  3136             0
  3137             0
  3138             0
  3139             0
  3140             0
  3141             1
  3142             0
  3143             0
  3144             0
  3145             0
  3146             0
  3147             0
  3148             0
  3149             0
  3150             0
  3151             0
  3152             0
  3153             0
  3154             0
  3155             0
  3156             0
  3157             0
  3158             1
  3159             0
  3160             0
  3161             0
  3162             0
  3163             0
  3164             0
  3165             0
  3166             0
  3167             0
  3168             0
  3169             0
  3170             0
  3171             0
  3172             0
  3173             0
  3174             0
  3175             0
  3176             0
  3177             0
  3178             1
  3179             0
  3180             0
  3181             0
  3182             0
  3183             0
  3184             0
  3185             0
  3186             0
  3187             0
  3188             0
  3189             0
  3190             0
  3191             0
  3192             0
  3193             1
  3194             0
  3195             0
  3196             0
  3197             0
  3198             0
  3199             0
  3200             0
  3201             0
  3202             0
  3203             0
  3204             0
  3205             0
  3206             0
  3207             0
  3208             0
  3209             0
  3210             0
  3211             0
  3212             0
  3213             0
  3214             0
  3215             0
  3216             0
  3217             0
  3218             0
  3219             0
  3220             0
  3221             0
  3222             0
  3223             0
  3224             0
  3225             0
  3226             0
  3227             0
  3228             0
  3229             0
  3230             0
  3231             0
  3232             0
  3233             0
  3234             0
  3235             0
  3236             0
  3237             0
  3238             0
  3239             0
  3240             0
  3241             0
  3242             0
  3243             0
  3244             0
  3245             0
  3246             0
  3247             0
  3248             0
  3249             0
  3250             0
  3251             0
  3252             0
  3253             0
  3254             0
  3255             0
  3256             0
  3257             0
  3258             0
  3259             0
  3260             0
  3261             1
  3262             0
  3263             0
  3264             0
  3265             0
  3266             0
  3267             0
  3268             0
  3269             0
  3270             0
  3271             0
  3272             0
  3273             0
  3274             0
  3275             0
  3276             0
  3277             0
  3278             1
  3279             0
  3280             1
  3281             0
  3282             0
  3283             0
  3284             1
  3285             0
  3286             0
  3287             0
  3288             1
  3289             0
  3290             0
  3291             0
  3292             0
  3293             0
  3294             0
  3295             0
  3296             0
  3297             0
  3298             0
  3299             0
  3300             0
  3301             0
  3302             0
  3303             0
  3304             0
  3305             0
  3306             0
  3307             0
  3308             0
  3309             0
  3310             0
  3311             0
  3312             0
  3313             0
  3314             0
  3315             0
  3316             0
  3317             0
  3318             0
  3319             0
  3320             0
  3321             0
  3322             0
  3323             0
  3324             1
  3325             0
  3326             0
  3327             0
  3328             0
  3329             0
  3330             0
  3331             0
  3332             0
  3333             0
  3334             1
  3335             0
  3336             0
  3337             1
  3338             0
  3339             0
  3340             0
  3341             0
  3342             0
  3343             0
  3344             0
  3345             0
  3346             0
  3347             0
  3348             0
  3349             0
  3350             1
  3351             0
  3352             0
  3353             0
  3354             0
  3355             0
  3356             0
  3357             0
  3358             1
  3359             0
  3360             0
  3361             0
  3362             0
  3363             0
  3364             0
  3365             0
  3366             0
  3367             0
  3368             0
  3369             0
  3370             0
  3371             0
  3372             0
  3373             0
  3374             0
  3375             0
  3376             0
  3377             0
  3378             0
  3379             0
  3380             0
  3381             0
  3382             0
  3383             0
  3384             0
  3385             1
  3386             0
  3387             0
  3388             0
  3389             0
  3390             0
  3391             1
  3392             0
  3393             0
  3394             0
  3395             0
  3396             0
  3397             0
  3398             1
  3399             0
  3400             0
  3401             0
  3402             0
  3403             0
  3404             0
  3405             1
  3406             0
  3407             0
  3408             0
  3409             0
  3410             0
  3411             0
  3412             0
  3413             0
  3414             1
  3415             0
  3416             0
  3417             0
  3418             0
  3419             0
  3420             0
  3421             0
  3422             0
  3423             0
  3424             0
  3425             0
  3426             0
  3427             0
  3428             0
  3429             0
  3430             0
  3431             0
  3432             0
  3433             0
  3434             0
  3435             0
  3436             0
  3437             0
  3438             0
  3439             0
  3440             0
  3441             0
  3442             0
  3443             0
  3444             0
  3445             0
  3446             0
  3447             1
  3448             0
  3449             0
  3450             0
  3451             0
  3452             0
  3453             0
  3454             0
  3455             0
  3456             0
  3457             1
  3458             0
  3459             0
  3460             0
  3461             0
  3462             0
  3463             0
  3464             0
  3465             0
  3466             0
  3467             0
  3468             0
  3469             0
  3470             0
  3471             0
  3472             0
  3473             0
  3474             0
  3475             0
  3476             0
  3477             0
  3478             1
  3479             0
  3480             0
  3481             0
  3482             0
  3483             0
  3484             0
  3485             0
  3486             0
  3487             0
  3488             0
  3489             0
  3490             0
  3491             0
  3492             0
  3493             0
  3494             1
  3495             0
  3496             0
  3497             0
  3498             0
  3499             0
  3500             0
  3501             0
  3502             0
  3503             0
  3504             0
  3505             0
  3506             0
  3507             0
  3508             0
  3509             0
  3510             0
  3511             0
  3512             0
  3513             0
  3514             0
  3515             0
  3516             0
  3517             0
  3518             0
  3519             0
  3520             0
  3521             0
  3522             0
  3523             0
  3524             0
  3525             0
  3526             0
  3527             0
  3528             0
  3529             0
  3530             0
  3531             0
  3532             0
  3533             0
  3534             0
  3535             0
  3536             0
  3537             0
  3538             0
  3539             0
  3540             0
  3541             0
  3542             0
  3543             0
  3544             0
  3545             0
  3546             0
  3547             0
  3548             1
  3549             1
  3550             0
  3551             0
  3552             0
  3553             0
  3554             0
  3555             0
  3556             0
  3557             0
  3558             0
  3559             0
  3560             0
  3561             0
  3562             0
  3563             0
  3564             0
  3565             0
  3566             0
  3567             0
  3568             0
  3569             0
  3570             0
  3571             0
  3572             0
  3573             0
  3574             0
  3575             0
  3576             1
  3577             0
  3578             0
  3579             0
  3580             1
  3581             0
  3582             0
  3583             0
  3584             0
  3585             0
  3586             0
  3587             0
  3588             0
  3589             0
  3590             0
  3591             0
  3592             0
  3593             0
  3594             0
  3595             0
  3596             0
  3597             0
  3598             0
  3599             0
  3600             0
  3601             0
  3602             0
  3603             0
  3604             0
  3605             0
  3606             0
  3607             0
  3608             0
  3609             0
  3610             0
  3611             0
  3612             0
  3613             0
  3614             1
  3615             0
  3616             0
  3617             0
  3618             0
  3619             0
  3620             0
  3621             0
  3622             0
  3623             0
  3624             0
  3625             0
  3626             0
  3627             0
  3628             0
  3629             0
  3630             0
  3631             0
  3632             0
  3633             0
  3634             0
  3635             0
  3636             0
  3637             0
  3638             0
  3639             0
  3640             0
  3641             0
  3642             0
  3643             0
  3644             0
  3645             0
  3646             0
  3647             1
  3648             0
  3649             0
  3650             0
  3651             0
  3652             0
  3653             0
  3654             0
  3655             0
  3656             0
  3657             0
  3658             0
  3659             0
  3660             0
  3661             0
  3662             0
  3663             0
  3664             0
  3665             0
  3666             0
  3667             1
  3668             0
  3669             0
  3670             0
  3671             0
  3672             0
  3673             0
  3674             0
  3675             0
  3676             0
  3677             0
  3678             0
  3679             0
  3680             0
  3681             0
  3682             0
  3683             0
  3684             1
  3685             0
  3686             0
  3687             0
  3688             0
  3689             0
  3690             0
  3691             0
  3692             0
  3693             0
  3694             0
  3695             0
  3696             0
  3697             0
  3698             0
  3699             0
  3700             0
  3701             0
  3702             0
  3703             0
  3704             0
  3705             0
  3706             1
  3707             0
  3708             0
  3709             0
  3710             0
  3711             0
  3712             0
  3713             0
  3714             0
  3715             0
  3716             0
  3717             0
  3718             0
  3719             1
  3720             0
  3721             0
  3722             0
  3723             0
  3724             0
  3725             0
  3726             0
  3727             0
  3728             0
  3729             0
  3730             0
  3731             0
  3732             0
  3733             0
  3734             0
  3735             1
  3736             0
  3737             0
  3738             0
  3739             0
  3740             0
  3741             0
  3742             0
  3743             0
  3744             1
  3745             0
  3746             0
  3747             0
  3748             0
  3749             0
  3750             0
  3751             0
  3752             0
  3753             0
  3754             0
  3755             0
  3756             0
  3757             0
  3758             0
  3759             0
  3760             0
  3761             0
  3762             0
  3763             0
  3764             0
  3765             0
  3766             0
  3767             0
  3768             0
  3769             0
  3770             0
  3771             0
  3772             0
  3773             0
  3774             0
  3775             0
  3776             0
  3777             0
  3778             0
  3779             0
  3780             0
  3781             0
  3782             0
  3783             0
  3784             0
  3785             0
  3786             0
  3787             0
  3788             1
  3789             0
  3790             0
  3791             0
  3792             0
  3793             0
  3794             0
  3795             0
  3796             0
  3797             0
  3798             0
  3799             0
  3800             0
  3801             0
  3802             0
  3803             0
  3804             0
  3805             0
  3806             0
  3807             0
  3808             0
  3809             0
  3810             0
  3811             0
  3812             0
  3813             0
  3814             0
  3815             0
  3816             0
  3817             0
  3818             0
  3819             0
  3820             0
  3821             0
  3822             0
  3823             0
  3824             0
  3825             0
  3826             0
  3827             0
  3828             0
  3829             0
  3830             0
  3831             0
  3832             0
  3833             0
  3834             0
  3835             0
  3836             0
  3837             0
  3838             0
  3839             0
  3840             0
  3841             0
  3842             0
  3843             0
  3844             0
  3845             0
  3846             0
  3847             0
  3848             0
  3849             0
  3850             0
  3851             0
  3852             0
  3853             0
  3854             0
  3855             0
  3856             0
  3857             0
  3858             0
  3859             0
  3860             0
  3861             0
  3862             0
  3863             0
  3864             0
  3865             0
  3866             0
  3867             0
  3868             0
  3869             0
  3870             0
  3871             0
  3872             0
  3873             0
  3874             0
  3875             0
  3876             0
  3877             0
  3878             0
  3879             0
  3880             0
  3881             0
  3882             0
  3883             0
  3884             0
  3885             0
  3886             0
  3887             0
  3888             0
  3889             0
  3890             0
  3891             0
  3892             0
  3893             0
  3894             0
  3895             0
  3896             0
  3897             0
  3898             0
  3899             0
  3900             0
  3901             0
  3902             0
  3903             0
  3904             0
  3905             0
  3906             0
  3907             0
  3908             0
  3909             0
  3910             0
  3911             0
  3912             1
  3913             0
  3914             0
  3915             0
  3916             0
  3917             0
  3918             0
  3919             0
  3920             0
  3921             0
  3922             0
  3923             0
  3924             0
  3925             0
  3926             0
  3927             0
  3928             0
  3929             0
  3930             0
  3931             0
  3932             0
  3933             0
  3934             0
  3935             0
  3936             0
  3937             0
  3938             0
  3939             0
  3940             0
  3941             0
  3942             0
  3943             0
  3944             0
  3945             0
  3946             0
  3947             0
  3948             0
  3949             0
  3950             0
  3951             0
  3952             0
  3953             0
  3954             0
  3955             0
  3956             0
  3957             0
  3958             0
  3959             0
  3960             0
  3961             0
  3962             0
  3963             0
  3964             0
  3965             0
  3966             0
  3967             0
  3968             0
  3969             1
  3970             0
  3971             0
  3972             0
  3973             0
  3974             0
  3975             0
  3976             0
  3977             0
  3978             0
  3979             0
  3980             0
  3981             0
  3982             0
  3983             0
  3984             0
  3985             0
  3986             0
  3987             0
  3988             0
  3989             0
  3990             0
  3991             0
  3992             0
  3993             0
  3994             0
  3995             0
  3996             0
  3997             0
  3998             0
  3999             0
  4000             0
  4001             0
  4002             0
  4003             0
  4004             0
  4005             0
  4006             0
  4007             0
  4008             0
  4009             0
  4010             0
  4011             0
  4012             0
  4013             0
  4014             0
  4015             0
  4016             0
  4017             0
  4018             0
  4019             0
  4020             0
  4021             0
  4022             0
  4023             0
  4024             0
  4025             0
  4026             0
  4027             0
  4028             0
  4029             0
  4030             1
  4031             0
  4032             0
  4033             1
  4034             0
  4035             0
  4036             0
  4037             0
  4038             0
  4039             0
  4040             0
  4041             0
  4042             0
  4043             0
  4044             0
  4045             0
  4046             0
  4047             0
  4048             0
  4049             0
  4050             0
  4051             0
  4052             0
  4053             0
  4054             0
  4055             1
  4056             0
  4057             0
  4058             0
  4059             0
  4060             0
  4061             0
  4062             0
  4063             0
  4064             0
  4065             0
  4066             0
  4067             0
  4068             0
  4069             0
  4070             0
  4071             0
  4072             0
  4073             0
  4074             0
  4075             0
  4076             0
  4077             0
  4078             0
  4079             0
  4080             0
  4081             0
  4082             0
  4083             0
  4084             0
  4085             0
  4086             0
  4087             0
  4088             0
  4089             0
  4090             0
  4091             0
  4092             0
  4093             0
  4094             0
  4095             0
