     0             0
     1             0
     2             0
     3             0
     4             0
     5             0
     6             0
     7             0
     8             0
     9             0
    10             0
    11             0
    12             0
    13             0
    14             0
    15             0
    16             0
    17             0
    18             0
    19             0
    20             0
    21             0
    22             0
    23             0
    24             0
    25             0
    26             0
    27             0
    28             0
    29             0
    30             0
    31             0
    32             0
    33             0
    34             0
    35             0
    36             0
    37             0
    38             0
    39             0
    40             0
    41             0
    42             0
    43             0
    44             0
    45             0
    46             0
    47             0
    48             0
    49             0
    50             0
    51             0
    52             0
    53             0
    54             0
    55             0
    56             0
    57             0
    58             0
    59             0
    60             0
    61             0
    62             0
    63             0
    64             0
    65             0
    66             0
    67             0
    68             0
    69             0
    70             0
    71             0
    72             0
    73             0
    74             0
    75             0
    76             0
    77             0
    78             0
    79             0
    80             0
    81             0
    82             0
    83             0
    84             0
    85             0
    86             0
    87             0
    88             0
    89             0
    90             0
    91             0
    92             0
    93             0
    94             0
    95             0
    96             0
    97             0
    98             0
    99             0
   100             0
   101             0
   102             0
   103             0
   104             0
   105             0
   106             0
   107             0
   108             0
   109             0
   110             0
   111             0
   112             0
   113             0
   114             0
   115             0
   116             0
   117             0
   118             0
   119             0
   120             0
   121             0
   122             0
   123             0
   124             0
   125             0
   126             0
   127             0
   128             0
   129             0
   130             0
   131             0
   132             0
   133             0
   134             0
   135             0
   136             0
   137             0
   138             0
   139             0
   140             0
   141             0
   142             0
   143             0
   144             0
   145             0
   146             0
   147             0
   148             0
   149             0
   150             0
   151             0
   152             0
   153             0
   154             0
   155             0
   156             0
   157             0
   158             0
   159             0
   160             0
   161             0
   162             0
   163             0
   164             0
   165             0
   166             0
   167             0
   168             0
   169             0
   170             0
   171             0
   172             0
   173             0
   174             0
   175             0
   176             0
   177             0
   178             0
   179             0
   180             0
   181             0
   182             0
   183             0
   184             0
   185             0
   186             0
   187             0
   188             0
   189             0
   190             0
   191             0
   192             0
   193             0
   194             0
   195             0
   196             0
   197             0
   198             0
   199             0
   200             0
   201             0
   202             0
   203             0
   204             0
   205             0
   206             0
   207             0
   208             0
   209             0
   210             0
   211             0
   212             0
   213             0
   214             0
   215             0
   216             0
   217             0
   218             0
   219             0
   220             0
   221             0
   222             0
   223             0
   224             0
   225             0
   226             0
   227             0
   228             0
   229             0
   230             0
   231             0
   232             0
   233             0
   234             0
   235             0
   236             0
   237             0
   238             0
   239             0
   240             0
   241             0
   242             0
   243             0
   244             0
   245             0
   246             0
   247             0
   248             0
   249             0
   250             0
   251             0
   252             0
   253             0
   254             0
   255             0
   256             0
   257             0
   258             0
   259             0
   260             0
   261             0
   262             0
   263             0
   264             0
   265             0
   266             0
   267             0
   268             0
   269             0
   270             0
   271             0
   272             0
   273             0
   274             0
   275             0
   276             0
   277             0
   278             0
   279             0
   280             0
   281             0
   282             0
   283             0
   284             0
   285             0
   286             0
   287             0
   288             0
   289             0
   290             0
   291             0
   292             0
   293             0
   294             0
   295             0
   296             0
   297             0
   298             0
   299             0
   300             0
   301             0
   302             0
   303             0
   304             0
   305             0
   306             0
   307             0
   308             0
   309             0
   310             0
   311             0
   312             0
   313             0
   314             0
   315             0
   316             0
   317             0
   318             0
   319             0
   320             0
   321             0
   322             0
   323             0
   324             0
   325             0
   326             0
   327             1
   328             0
   329             0
   330             0
   331             0
   332             0
   333             0
   334             0
   335             0
   336             0
   337             0
   338             0
   339             0
   340             0
   341             0
   342             0
   343             0
   344             0
   345             0
   346             0
   347             0
   348             0
   349             0
   350             0
   351             0
   352             0
   353             0
   354             0
   355             0
   356             0
   357             1
   358             0
   359             0
   360             0
   361             0
   362             0
   363             0
   364             0
   365             0
   366             0
   367             0
   368             0
   369             0
   370             0
   371             0
   372             0
   373             0
   374             0
   375             0
   376             0
   377             0
   378             0
   379             0
   380             0
   381             0
   382             0
   383             0
   384             0
   385             0
   386             0
   387             0
   388             0
   389             0
   390             0
   391             0
   392             0
   393             0
   394             0
   395             0
   396             0
   397             0
   398             0
   399             0
   400             0
   401             0
   402             0
   403             0
   404             0
   405             0
   406             0
   407             0
   408             0
   409             0
   410             0
   411             0
   412             0
   413             0
   414             0
   415             0
   416             0
   417             0
   418             0
   419             0
   420             0
   421             0
   422             0
   423             0
   424             0
   425             0
   426             0
   427             0
   428             0
   429             0
   430             0
   431             0
   432             0
   433             0
   434             0
   435             0
   436             0
   437             0
   438             0
   439             0
   440             0
   441             0
   442             0
   443             0
   444             0
   445             0
   446             0
   447             0
   448             0
   449             0
   450             0
   451             0
   452             0
   453             0
   454             0
   455             0
   456             0
   457             0
   458             0
   459             0
   460             0
   461             0
   462             0
   463             0
   464             0
   465             0
   466             0
   467             0
   468             0
   469             0
   470             0
   471             0
   472             0
   473             0
   474             0
   475             0
   476             0
   477             0
   478             0
   479             0
   480             0
   481             0
   482             0
   483             0
   484             0
   485             0
   486             0
   487             0
   488             0
   489             0
   490             0
   491             0
   492             0
   493             0
   494             0
   495             0
   496             0
   497             0
   498             0
   499             1
   500             0
   501             2
   502             1
   503             2
   504             4
   505             5
   506             0
   507             1
   508             2
   509             2
   510             1
   511             0
   512             0
   513             1
   514             0
   515             2
   516             1
   517             2
   518             1
   519             1
   520             2
   521             0
   522             1
   523             1
   524             3
   525             0
   526             0
   527             3
   528             1
   529             0
   530             0
   531             1
   532             0
   533             1
   534             1
   535             1
   536             0
   537             0
   538             1
   539             2
   540             0
   541             2
   542             1
   543             1
   544             1
   545             2
   546             0
   547             0
   548             1
   549             0
   550             0
   551             0
   552             1
   553             1
   554             0
   555             0
   556             1
   557             2
   558             2
   559             1
   560             2
   561             1
   562             2
   563             1
   564             3
   565             1
   566             0
   567             0
   568             0
   569             1
   570             0
   571             3
   572             0
   573             0
   574             2
   575             2
   576             2
   577             0
   578             0
   579             0
   580             6
   581             1
   582             0
   583             0
   584             1
   585             0
   586             1
   587             2
   588             0
   589             0
   590             0
   591             1
   592             0
   593             3
   594             1
   595             1
   596             3
   597             2
   598             1
   599             3
   600             2
   601             0
   602             0
   603             4
   604             1
   605             0
   606             1
   607             3
   608             2
   609             2
   610             1
   611             2
   612             1
   613             2
   614             2
   615             0
   616             2
   617             1
   618             3
   619             1
   620             1
   621             3
   622             0
   623             6
   624             2
   625             0
   626             1
   627             0
   628             3
   629             1
   630             5
   631             4
   632             1
   633             3
   634             0
   635             1
   636             0
   637             1
   638             1
   639             1
   640             3
   641             2
   642             2
   643             1
   644             0
   645             1
   646             0
   647             0
   648             1
   649             2
   650             3
   651             1
   652             3
   653             1
   654             2
   655             1
   656             3
   657             3
   658             0
   659             3
   660             0
   661             0
   662             0
   663             1
   664             1
   665             0
   666             0
   667             0
   668             2
   669             2
   670             0
   671             1
   672             0
   673             0
   674             2
   675             1
   676             1
   677             1
   678             1
   679             2
   680             0
   681             2
   682             1
   683             1
   684             2
   685             2
   686             1
   687             2
   688             2
   689             3
   690             1
   691             0
   692             1
   693             0
   694             0
   695             0
   696             2
   697             3
   698             0
   699             2
   700             0
   701             0
   702             1
   703             0
   704             2
   705             2
   706             0
   707             0
   708             2
   709             3
   710             1
   711             1
   712             1
   713             2
   714             1
   715             1
   716             1
   717             3
   718             4
   719             2
   720             0
   721             5
   722             2
   723             2
   724             1
   725             0
   726             3
   727             1
   728             1
   729             1
   730             1
   731             3
   732             1
   733             1
   734             2
   735             3
   736             2
   737             1
   738             1
   739             2
   740             1
   741             2
   742             1
   743             0
   744             1
   745             0
   746             4
   747             2
   748             0
   749             1
   750             1
   751             4
   752             0
   753             0
   754             2
   755             0
   756             1
   757             0
   758             4
   759             3
   760             2
   761             1
   762             3
   763             0
   764             1
   765             3
   766             0
   767             2
   768             3
   769             0
   770             0
   771             1
   772             3
   773             3
   774             2
   775             0
   776             0
   777             1
   778             2
   779             2
   780             1
   781             1
   782             1
   783             3
   784             1
   785             2
   786             3
   787             3
   788             2
   789             1
   790             0
   791             0
   792             3
   793             2
   794             1
   795             0
   796             1
   797             5
   798             1
   799             3
   800             1
   801             1
   802             2
   803             0
   804             3
   805             2
   806             2
   807             3
   808             2
   809             2
   810             4
   811             1
   812             0
   813             4
   814             0
   815             0
   816             2
   817             6
   818             3
   819             2
   820             3
   821             0
   822             0
   823             1
   824             0
   825             3
   826             4
   827             1
   828             2
   829             2
   830             1
   831             0
   832             1
   833             2
   834             6
   835             2
   836             1
   837             1
   838             3
   839             1
   840             1
   841             1
   842             1
   843             0
   844             4
   845             2
   846             0
   847             2
   848             3
   849             3
   850             3
   851             0
   852             1
   853             0
   854             2
   855             2
   856             1
   857             0
   858             1
   859             0
   860             0
   861             1
   862             1
   863             0
   864             2
   865             2
   866             1
   867             2
   868             3
   869             2
   870             0
   871             0
   872             2
   873             1
   874             2
   875             0
   876             2
   877             2
   878             1
   879             0
   880             4
   881             2
   882             0
   883             0
   884             0
   885             3
   886             3
   887             1
   888             2
   889             0
   890             1
   891             1
   892             2
   893             1
   894             1
   895             1
   896             2
   897             0
   898             1
   899             0
   900             2
   901             0
   902             4
   903             3
   904             3
   905             1
   906             2
   907             0
   908             2
   909             1
   910             2
   911             0
   912             3
   913             3
   914             2
   915             3
   916             2
   917             0
   918             2
   919             1
   920             2
   921             1
   922             2
   923             3
   924             1
   925             1
   926             1
   927             1
   928             1
   929             1
   930             0
   931             1
   932             0
   933             1
   934             0
   935             1
   936             1
   937             0
   938             0
   939             1
   940             2
   941             1
   942             1
   943             1
   944             3
   945             1
   946             1
   947             4
   948             1
   949             1
   950             3
   951             3
   952             2
   953             1
   954             0
   955             0
   956             1
   957             0
   958             0
   959             1
   960             2
   961             3
   962             1
   963             1
   964             2
   965             2
   966             2
   967             2
   968             1
   969             2
   970             0
   971             0
   972             2
   973             2
   974             1
   975             3
   976             1
   977             2
   978             3
   979             0
   980             4
   981             1
   982             2
   983             2
   984             2
   985             2
   986             1
   987             1
   988             3
   989             0
   990             1
   991             1
   992             2
   993             0
   994             0
   995             2
   996             2
   997             2
   998             1
   999             1
  1000             2
  1001             0
  1002             2
  1003             3
  1004             5
  1005             2
  1006             1
  1007             3
  1008             3
  1009             2
  1010             4
  1011             3
  1012             1
  1013             1
  1014             2
  1015             3
  1016             1
  1017             3
  1018             2
  1019             1
  1020             4
  1021             1
  1022             6
  1023             1
  1024             2
  1025             1
  1026             5
  1027             1
  1028             2
  1029             2
  1030             5
  1031             2
  1032             1
  1033             3
  1034             0
  1035             1
  1036             2
  1037             2
  1038             0
  1039             3
  1040             3
  1041             3
  1042             1
  1043             2
  1044             2
  1045             5
  1046             2
  1047             2
  1048             1
  1049             6
  1050             1
  1051             4
  1052             3
  1053             3
  1054             1
  1055             0
  1056             4
  1057             3
  1058             1
  1059             0
  1060             1
  1061             2
  1062             3
  1063             0
  1064             2
  1065             4
  1066             1
  1067             1
  1068             4
  1069             2
  1070             0
  1071             1
  1072             3
  1073             3
  1074             5
  1075             1
  1076             1
  1077             1
  1078             1
  1079             2
  1080             1
  1081             4
  1082             0
  1083             2
  1084             2
  1085             7
  1086             3
  1087             2
  1088             1
  1089             1
  1090             0
  1091             1
  1092             4
  1093             3
  1094             2
  1095             2
  1096             4
  1097             2
  1098             1
  1099             4
  1100             1
  1101             3
  1102             4
  1103             2
  1104             1
  1105             2
  1106             2
  1107             1
  1108             3
  1109             2
  1110             5
  1111             1
  1112             0
  1113             3
  1114             2
  1115             0
  1116             4
  1117             5
  1118             0
  1119             0
  1120             2
  1121             1
  1122             3
  1123             1
  1124             0
  1125             2
  1126             3
  1127             1
  1128             3
  1129             5
  1130             0
  1131             3
  1132             2
  1133             0
  1134             2
  1135             3
  1136             3
  1137             4
  1138             5
  1139             0
  1140             0
  1141             3
  1142             1
  1143             0
  1144             0
  1145             2
  1146             2
  1147             1
  1148             2
  1149             2
  1150             0
  1151             5
  1152             1
  1153             2
  1154             1
  1155             3
  1156             3
  1157             1
  1158             1
  1159             1
  1160             1
  1161             3
  1162             2
  1163             2
  1164             1
  1165             4
  1166             3
  1167             3
  1168             4
  1169             3
  1170             1
  1171             2
  1172             2
  1173             3
  1174             1
  1175             2
  1176             1
  1177             0
  1178             3
  1179             3
  1180             1
  1181             2
  1182             5
  1183             1
  1184             2
  1185             1
  1186             1
  1187             1
  1188             3
  1189             2
  1190             1
  1191             2
  1192             0
  1193             2
  1194             1
  1195             1
  1196             3
  1197             3
  1198             6
  1199             1
  1200             3
  1201             1
  1202             4
  1203             3
  1204             2
  1205             1
  1206             0
  1207             1
  1208             1
  1209             1
  1210             3
  1211             1
  1212             2
  1213             3
  1214             5
  1215             0
  1216             6
  1217             2
  1218             1
  1219             3
  1220             3
  1221             0
  1222             5
  1223             2
  1224             4
  1225             2
  1226             0
  1227             3
  1228             2
  1229             1
  1230             2
  1231             4
  1232             6
  1233             3
  1234             4
  1235             2
  1236             0
  1237             1
  1238             3
  1239             3
  1240             3
  1241             2
  1242             1
  1243             1
  1244             2
  1245             4
  1246             3
  1247             6
  1248             1
  1249             2
  1250             1
  1251             1
  1252             1
  1253             2
  1254             2
  1255             1
  1256             2
  1257             1
  1258             4
  1259             1
  1260             0
  1261             4
  1262             4
  1263             2
  1264             5
  1265             3
  1266             4
  1267             1
  1268             2
  1269             3
  1270             1
  1271             2
  1272             0
  1273             2
  1274             1
  1275             3
  1276             1
  1277             1
  1278             6
  1279             4
  1280             3
  1281             3
  1282             4
  1283             2
  1284             2
  1285             5
  1286             2
  1287             3
  1288             1
  1289             4
  1290             1
  1291             4
  1292             6
  1293             3
  1294             7
  1295             4
  1296             2
  1297             1
  1298             5
  1299             3
  1300             0
  1301             1
  1302             4
  1303             3
  1304             6
  1305             3
  1306             4
  1307             1
  1308             9
  1309             2
  1310             3
  1311             2
  1312             6
  1313             3
  1314             2
  1315             3
  1316             3
  1317             4
  1318             6
  1319             4
  1320             3
  1321             3
  1322             5
  1323             6
  1324             4
  1325             6
  1326             2
  1327             4
  1328             6
  1329             5
  1330             4
  1331             3
  1332             7
  1333             1
  1334             7
  1335             6
  1336             3
  1337             1
  1338             3
  1339             4
  1340             3
  1341             4
  1342             1
  1343             5
  1344             4
  1345             4
  1346             2
  1347             7
  1348             3
  1349             6
  1350             5
  1351             1
  1352             4
  1353             3
  1354             2
  1355             4
  1356             6
  1357             4
  1358             2
  1359             2
  1360             2
  1361             4
  1362             5
  1363             2
  1364             9
  1365             9
  1366             1
  1367             2
  1368             4
  1369             2
  1370             5
  1371             1
  1372             4
  1373             5
  1374             4
  1375             6
  1376             1
  1377             3
  1378             8
  1379             4
  1380             8
  1381             9
  1382             4
  1383             7
  1384             8
  1385             7
  1386             6
  1387             5
  1388             1
  1389             4
  1390             7
  1391             4
  1392             7
  1393             5
  1394             6
  1395             5
  1396             7
  1397             8
  1398             5
  1399             6
  1400             8
  1401             4
  1402             4
  1403             7
  1404             5
  1405             4
  1406             3
  1407             7
  1408             5
  1409             6
  1410             5
  1411             7
  1412             9
  1413             3
  1414             6
  1415             7
  1416             6
  1417             5
  1418             4
  1419             6
  1420             5
  1421             7
  1422             7
  1423            14
  1424            10
  1425             9
  1426             9
  1427             8
  1428             6
  1429             3
  1430             4
  1431             6
  1432            11
  1433             4
  1434             8
  1435            15
  1436             6
  1437             4
  1438            10
  1439             4
  1440             6
  1441            10
  1442             6
  1443            10
  1444             4
  1445             7
  1446            14
  1447            12
  1448             9
  1449            12
  1450            11
  1451            11
  1452            12
  1453             7
  1454             8
  1455            11
  1456            14
  1457             4
  1458            15
  1459            19
  1460            13
  1461            17
  1462            11
  1463            12
  1464            11
  1465             7
  1466             7
  1467            22
  1468            11
  1469            18
  1470            10
  1471            16
  1472            18
  1473            19
  1474            15
  1475            22
  1476            17
  1477            14
  1478            12
  1479            12
  1480             9
  1481            22
  1482            25
  1483            10
  1484            18
  1485            26
  1486            23
  1487            26
  1488            23
  1489            20
  1490            21
  1491            18
  1492            24
  1493            21
  1494            18
  1495            24
  1496            21
  1497            31
  1498            19
  1499            29
  1500            19
  1501            17
  1502            29
  1503            20
  1504            16
  1505            31
  1506            27
  1507            28
  1508            29
  1509            19
  1510            28
  1511            35
  1512            48
  1513            51
  1514            41
  1515            36
  1516            41
  1517            36
  1518            45
  1519            41
  1520            47
  1521            50
  1522            58
  1523            52
  1524            47
  1525            54
  1526            61
  1527            61
  1528            76
  1529            72
  1530            68
  1531            69
  1532            74
  1533            80
  1534            77
  1535           101
  1536            92
  1537           100
  1538           120
  1539           115
  1540           117
  1541           140
  1542           138
  1543           135
  1544           139
  1545           162
  1546           157
  1547           182
  1548           201
  1549           189
  1550           199
  1551           198
  1552           198
  1553           240
  1554           256
  1555           266
  1556           312
  1557           316
  1558           300
  1559           326
  1560           296
  1561           391
  1562           375
  1563           372
  1564           404
  1565           412
  1566           406
  1567           428
  1568           404
  1569           468
  1570           494
  1571           484
  1572           554
  1573           514
  1574           562
  1575           551
  1576           580
  1577           568
  1578           624
  1579           599
  1580           609
  1581           625
  1582           621
  1583           612
  1584           654
  1585           715
  1586           671
  1587           634
  1588           604
  1589           647
  1590           653
  1591           645
  1592           678
  1593           648
  1594           621
  1595           636
  1596           603
  1597           589
  1598           603
  1599           585
  1600           579
  1601           524
  1602           540
  1603           541
  1604           498
  1605           498
  1606           489
  1607           476
  1608           404
  1609           435
  1610           414
  1611           386
  1612           348
  1613           371
  1614           364
  1615           331
  1616           298
  1617           279
  1618           261
  1619           246
  1620           264
  1621           195
  1622           214
  1623           188
  1624           164
  1625           172
  1626           154
  1627           139
  1628           150
  1629           121
  1630           125
  1631            86
  1632           108
  1633            88
  1634           101
  1635            64
  1636            67
  1637            86
  1638            72
  1639            53
  1640            59
  1641            59
  1642            58
  1643            57
  1644            52
  1645            70
  1646            49
  1647            46
  1648            43
  1649            52
  1650            43
  1651            41
  1652            49
  1653            43
  1654            53
  1655            57
  1656            41
  1657            53
  1658            67
  1659            61
  1660            65
  1661            49
  1662            69
  1663            71
  1664            83
  1665            83
  1666            89
  1667           107
  1668            92
  1669            98
  1670            95
  1671           125
  1672           108
  1673           136
  1674           111
  1675           128
  1676           142
  1677           157
  1678           164
  1679           170
  1680           178
  1681           216
  1682           220
  1683           203
  1684           224
  1685           232
  1686           256
  1687           273
  1688           310
  1689           268
  1690           326
  1691           306
  1692           318
  1693           324
  1694           389
  1695           390
  1696           366
  1697           396
  1698           416
  1699           403
  1700           442
  1701           425
  1702           455
  1703           464
  1704           509
  1705           494
  1706           555
  1707           519
  1708           537
  1709           542
  1710           492
  1711           510
  1712           517
  1713           580
  1714           513
  1715           579
  1716           573
  1717           594
  1718           583
  1719           591
  1720           520
  1721           518
  1722           549
  1723           533
  1724           542
  1725           549
  1726           521
  1727           508
  1728           473
  1729           499
  1730           520
  1731           464
  1732           504
  1733           461
  1734           411
  1735           406
  1736           416
  1737           397
  1738           397
  1739           349
  1740           313
  1741           323
  1742           322
  1743           297
  1744           294
  1745           286
  1746           260
  1747           211
  1748           221
  1749           222
  1750           228
  1751           176
  1752           147
  1753           151
  1754           182
  1755           141
  1756           142
  1757           147
  1758           127
  1759           118
  1760           117
  1761           123
  1762           102
  1763           105
  1764           121
  1765           105
  1766           109
  1767           100
  1768            85
  1769            82
  1770            97
  1771            92
  1772            93
  1773            95
  1774            81
  1775            95
  1776            95
  1777            98
  1778            77
  1779            98
  1780           103
  1781            94
  1782           102
  1783            81
  1784           109
  1785           117
  1786            99
  1787           125
  1788           104
  1789           122
  1790           138
  1791           115
  1792           121
  1793           129
  1794           155
  1795           135
  1796           154
  1797           169
  1798           169
  1799           174
  1800           162
  1801           193
  1802           216
  1803           211
  1804           202
  1805           218
  1806           224
  1807           237
  1808           260
  1809           298
  1810           274
  1811           304
  1812           312
  1813           320
  1814           356
  1815           353
  1816           352
  1817           371
  1818           383
  1819           370
  1820           461
  1821           475
  1822           433
  1823           444
  1824           464
  1825           505
  1826           517
  1827           530
  1828           589
  1829           587
  1830           592
  1831           570
  1832           592
  1833           627
  1834           647
  1835           629
  1836           673
  1837           706
  1838           717
  1839           702
  1840           694
  1841           732
  1842           734
  1843           724
  1844           737
  1845           745
  1846           745
  1847           672
  1848           674
  1849           695
  1850           738
  1851           706
  1852           687
  1853           699
  1854           700
  1855           664
  1856           622
  1857           675
  1858           596
  1859           591
  1860           623
  1861           605
  1862           574
  1863           531
  1864           538
  1865           514
  1866           436
  1867           447
  1868           438
  1869           410
  1870           430
  1871           362
  1872           343
  1873           349
  1874           309
  1875           314
  1876           269
  1877           224
  1878           226
  1879           227
  1880           197
  1881           174
  1882           192
  1883           170
  1884           163
  1885           141
  1886           131
  1887           123
  1888           114
  1889           121
  1890           108
  1891            81
  1892            73
  1893            83
  1894            69
  1895            62
  1896            63
  1897            64
  1898            38
  1899            56
  1900            49
  1901            45
  1902            41
  1903            31
  1904            39
  1905            49
  1906            38
  1907            32
  1908            34
  1909            28
  1910            33
  1911            30
  1912            28
  1913            45
  1914            40
  1915            37
  1916            33
  1917            27
  1918            28
  1919            35
  1920            44
  1921            35
  1922            33
  1923            36
  1924            38
  1925            31
  1926            34
  1927            45
  1928            31
  1929            36
  1930            28
  1931            28
  1932            23
  1933            39
  1934            45
  1935            30
  1936            37
  1937            20
  1938            24
  1939            23
  1940            31
  1941            24
  1942            28
  1943            16
  1944            25
  1945            18
  1946            14
  1947            17
  1948            17
  1949            13
  1950            13
  1951            19
  1952             9
  1953             5
  1954            18
  1955             8
  1956            13
  1957            11
  1958            15
  1959             5
  1960             5
  1961            13
  1962             4
  1963             6
  1964             4
  1965             4
  1966             4
  1967             3
  1968             8
  1969             5
  1970             4
  1971             6
  1972             4
  1973             1
  1974             5
  1975             4
  1976             6
  1977             5
  1978             3
  1979             5
  1980             3
  1981             4
  1982             3
  1983             1
  1984             3
  1985             1
  1986             3
  1987             5
  1988             5
  1989             3
  1990             1
  1991             2
  1992             1
  1993             1
  1994             3
  1995             1
  1996             2
  1997             1
  1998             2
  1999             0
  2000             1
  2001             0
  2002             3
  2003             4
  2004             2
  2005             2
  2006             1
  2007             4
  2008             5
  2009             1
  2010             3
  2011             1
  2012             0
  2013             5
  2014             2
  2015             3
  2016             0
  2017             4
  2018             5
  2019             3
  2020             4
  2021             3
  2022             4
  2023             8
  2024             4
  2025             3
  2026             4
  2027            10
  2028             6
  2029             2
  2030             5
  2031             9
  2032             4
  2033            10
  2034             4
  2035            17
  2036             5
  2037             9
  2038             5
  2039            11
  2040             8
  2041             8
  2042             8
  2043             4
  2044             9
  2045             8
  2046            13
  2047            16
  2048             7
  2049            19
  2050            13
  2051            14
  2052             8
  2053            10
  2054            12
  2055             7
  2056            15
  2057            13
  2058            15
  2059            17
  2060            14
  2061            16
  2062            11
  2063            11
  2064            13
  2065            14
  2066            16
  2067            10
  2068             7
  2069            16
  2070             7
  2071            13
  2072            13
  2073            15
  2074            11
  2075            10
  2076            12
  2077             9
  2078             8
  2079             4
  2080            10
  2081            13
  2082            15
  2083             7
  2084            11
  2085             4
  2086            11
  2087            13
  2088             9
  2089            13
  2090             5
  2091             6
  2092             7
  2093             8
  2094            10
  2095             8
  2096             9
  2097             6
  2098             6
  2099            11
  2100             6
  2101            10
  2102            10
  2103            13
  2104            12
  2105            13
  2106            15
  2107            14
  2108            11
  2109            12
  2110             8
  2111            13
  2112             8
  2113            14
  2114            14
  2115            12
  2116            13
  2117            15
  2118            20
  2119            20
  2120            26
  2121            26
  2122            17
  2123            27
  2124            26
  2125            29
  2126            26
  2127            33
  2128            24
  2129            32
  2130            35
  2131            34
  2132            27
  2133            31
  2134            29
  2135            28
  2136            28
  2137            27
  2138            44
  2139            38
  2140            33
  2141            40
  2142            28
  2143            35
  2144            29
  2145            48
  2146            42
  2147            32
  2148            38
  2149            36
  2150            23
  2151            30
  2152            29
  2153            32
  2154            42
  2155            26
  2156            29
  2157            25
  2158            37
  2159            25
  2160            23
  2161            24
  2162            33
  2163            20
  2164            16
  2165            19
  2166            23
  2167            21
  2168            18
  2169            13
  2170            13
  2171            17
  2172            19
  2173            14
  2174            11
  2175            13
  2176            18
  2177             9
  2178            11
  2179            12
  2180             8
  2181             8
  2182             3
  2183             4
  2184            10
  2185             6
  2186             4
  2187             3
  2188             5
  2189             2
  2190             3
  2191             6
  2192             5
  2193             2
  2194             1
  2195             3
  2196             1
  2197             0
  2198             2
  2199             1
  2200             4
  2201             2
  2202             2
  2203             2
  2204             1
  2205             3
  2206             1
  2207             1
  2208             1
  2209             0
  2210             2
  2211             1
  2212             0
  2213             0
  2214             0
  2215             0
  2216             0
  2217             0
  2218             1
  2219             3
  2220             1
  2221             0
  2222             1
  2223             1
  2224             0
  2225             1
  2226             1
  2227             0
  2228             1
  2229             0
  2230             3
  2231             4
  2232             1
  2233             0
  2234             3
  2235             1
  2236             1
  2237             0
  2238             1
  2239             0
  2240             4
  2241             1
  2242             2
  2243             0
  2244             1
  2245             2
  2246             2
  2247             2
  2248             3
  2249             1
  2250             6
  2251             3
  2252             2
  2253             4
  2254             1
  2255             0
  2256             3
  2257             2
  2258             1
  2259             5
  2260             6
  2261             3
  2262             4
  2263             4
  2264             7
  2265             6
  2266             2
  2267             3
  2268             6
  2269             1
  2270             6
  2271             5
  2272             3
  2273             3
  2274             3
  2275             5
  2276             7
  2277             7
  2278             9
  2279             9
  2280             9
  2281            10
  2282             6
  2283            10
  2284             8
  2285             6
  2286            13
  2287            10
  2288             8
  2289            17
  2290            10
  2291            16
  2292            16
  2293            15
  2294            20
  2295            14
  2296            19
  2297            17
  2298            21
  2299            17
  2300            23
  2301            10
  2302            18
  2303            27
  2304            27
  2305            17
  2306            21
  2307            17
  2308            27
  2309            23
  2310            19
  2311            20
  2312            34
  2313            28
  2314            22
  2315            20
  2316            31
  2317            37
  2318            28
  2319            27
  2320            35
  2321            44
  2322            30
  2323            33
  2324            45
  2325            39
  2326            32
  2327            27
  2328            23
  2329            31
  2330            33
  2331            39
  2332            33
  2333            39
  2334            31
  2335            19
  2336            28
  2337            27
  2338            32
  2339            30
  2340            20
  2341            25
  2342            20
  2343            18
  2344            23
  2345            12
  2346            17
  2347            15
  2348            22
  2349            16
  2350            12
  2351            10
  2352            13
  2353            10
  2354             8
  2355             9
  2356             8
  2357             9
  2358             6
  2359             6
  2360             7
  2361             6
  2362             7
  2363             7
  2364             5
  2365             4
  2366             4
  2367             4
  2368             1
  2369             6
  2370             2
  2371             2
  2372             3
  2373             1
  2374             3
  2375             1
  2376             1
  2377             0
  2378             0
  2379             1
  2380             4
  2381             1
  2382             2
  2383             1
  2384             0
  2385             1
  2386             3
  2387             0
  2388             2
  2389             1
  2390             3
  2391             2
  2392             1
  2393             2
  2394             2
  2395             0
  2396             1
  2397             2
  2398             1
  2399             2
  2400             0
  2401             0
  2402             1
  2403             1
  2404             0
  2405             4
  2406             3
  2407             1
  2408             1
  2409             3
  2410             2
  2411             4
  2412             6
  2413             1
  2414             1
  2415             4
  2416             5
  2417             4
  2418             3
  2419             2
  2420             2
  2421             2
  2422             3
  2423             3
  2424             3
  2425             3
  2426             2
  2427             1
  2428             2
  2429             1
  2430             4
  2431             1
  2432             4
  2433             5
  2434             4
  2435             7
  2436             2
  2437             2
  2438             4
  2439             1
  2440             5
  2441             1
  2442             2
  2443             1
  2444             3
  2445             0
  2446             2
  2447             2
  2448             2
  2449             0
  2450             3
  2451             0
  2452             3
  2453             2
  2454             4
  2455             1
  2456             0
  2457             2
  2458             1
  2459             0
  2460             3
  2461             1
  2462             0
  2463             1
  2464             2
  2465             0
  2466             0
  2467             1
  2468             0
  2469             0
  2470             1
  2471             1
  2472             0
  2473             1
  2474             1
  2475             1
  2476             0
  2477             2
  2478             0
  2479             0
  2480             0
  2481             0
  2482             0
  2483             0
  2484             0
  2485             0
  2486             0
  2487             0
  2488             0
  2489             0
  2490             0
  2491             0
  2492             0
  2493             0
  2494             0
  2495             0
  2496             0
  2497             0
  2498             0
  2499             0
  2500             1
  2501             0
  2502             0
  2503             0
  2504             0
  2505             0
  2506             0
  2507             0
  2508             0
  2509             0
  2510             0
  2511             0
  2512             0
  2513             0
  2514             0
  2515             0
  2516             0
  2517             0
  2518             0
  2519             0
  2520             0
  2521             0
  2522             0
  2523             0
  2524             0
  2525             0
  2526             0
  2527             0
  2528             0
  2529             0
  2530             0
  2531             0
  2532             0
  2533             1
  2534             0
  2535             0
  2536             1
  2537             1
  2538             1
  2539             0
  2540             0
  2541             0
  2542             0
  2543             0
  2544             0
  2545             0
  2546             0
  2547             0
  2548             0
  2549             0
  2550             0
  2551             0
  2552             0
  2553             0
  2554             0
  2555             0
  2556             0
  2557             0
  2558             0
  2559             0
  2560             0
  2561             0
  2562             0
  2563             0
  2564             0
  2565             1
  2566             0
  2567             0
  2568             0
  2569             0
  2570             0
  2571             0
  2572             0
  2573             0
  2574             0
  2575             1
  2576             0
  2577             0
  2578             0
  2579             1
  2580             0
  2581             0
  2582             0
  2583             0
  2584             1
  2585             0
  2586             0
  2587             0
  2588             1
  2589             1
  2590             0
  2591             1
  2592             0
  2593             0
  2594             0
  2595             0
  2596             0
  2597             0
  2598             0
  2599             0
  2600             0
  2601             0
  2602             0
  2603             0
  2604             0
  2605             0
  2606             1
  2607             0
  2608             0
  2609             0
  2610             0
  2611             0
  2612             0
  2613             0
  2614             0
  2615             0
  2616             0
  2617             0
  2618             0
  2619             0
  2620             0
  2621             0
  2622             1
  2623             0
  2624             0
  2625             0
  2626             1
  2627             0
  2628             0
  2629             1
  2630             0
  2631             0
  2632             0
  2633             1
  2634             0
  2635             0
  2636             1
  2637             0
  2638             0
  2639             0
  2640             1
  2641             0
  2642             0
  2643             1
  2644             0
  2645             0
  2646             0
  2647             0
  2648             0
  2649             0
  2650             0
  2651             1
  2652             0
  2653             0
  2654             0
  2655             0
  2656             1
  2657             0
  2658             0
  2659             0
  2660             0
  2661             0
  2662             0
  2663             0
  2664             0
  2665             0
  2666             0
  2667             0
  2668             1
  2669             0
  2670             1
  2671             0
  2672             0
  2673             0
  2674             1
  2675             0
  2676             0
  2677             0
  2678             0
  2679             0
  2680             1
  2681             0
  2682             0
  2683             1
  2684             0
  2685             0
  2686             0
  2687             0
  2688             0
  2689             0
  2690             1
  2691             0
  2692             0
  2693             0
  2694             0
  2695             0
  2696             0
  2697             0
  2698             0
  2699             0
  2700             1
  2701             0
  2702             0
  2703             0
  2704             1
  2705             0
  2706             0
  2707             1
  2708             0
  2709             0
  2710             0
  2711             0
  2712             0
  2713             1
  2714             0
  2715             0
  2716             0
  2717             1
  2718             2
  2719             0
  2720             0
  2721             0
  2722             1
  2723             0
  2724             0
  2725             0
  2726             0
  2727             0
  2728             0
  2729             1
  2730             0
  2731             0
  2732             0
  2733             0
  2734             0
  2735             1
  2736             0
  2737             0
  2738             0
  2739             0
  2740             0
  2741             0
  2742             1
  2743             0
  2744             0
  2745             0
  2746             0
  2747             0
  2748             2
  2749             1
  2750             0
  2751             0
  2752             0
  2753             0
  2754             0
  2755             0
  2756             2
  2757             0
  2758             0
  2759             0
  2760             0
  2761             0
  2762             0
  2763             0
  2764             0
  2765             0
  2766             0
  2767             0
  2768             0
  2769             0
  2770             0
  2771             0
  2772             0
  2773             0
  2774             1
  2775             0
  2776             0
  2777             0
  2778             0
  2779             0
  2780             0
  2781             0
  2782             0
  2783             0
  2784             0
  2785             0
  2786             0
  2787             0
  2788             0
  2789             0
  2790             0
  2791             0
  2792             0
  2793             0
  2794             0
  2795             0
  2796             0
  2797             1
  2798             0
  2799             1
  2800             0
  2801             0
  2802             0
  2803             0
  2804             1
  2805             0
  2806             0
  2807             0
  2808             0
  2809             0
  2810             2
  2811             0
  2812             0
  2813             0
  2814             0
  2815             2
  2816             1
  2817             0
  2818             1
  2819             0
  2820             0
  2821             0
  2822             0
  2823             0
  2824             0
  2825             1
  2826             0
  2827             1
  2828             1
  2829             0
  2830             1
  2831             0
  2832             0
  2833             1
  2834             0
  2835             1
  2836             0
  2837             2
  2838             1
  2839             1
  2840             1
  2841             1
  2842             1
  2843             2
  2844             2
  2845             0
  2846             2
  2847             0
  2848             0
  2849             0
  2850             0
  2851             1
  2852             1
  2853             1
  2854             2
  2855             1
  2856             0
  2857             2
  2858             1
  2859             3
  2860             2
  2861             2
  2862             1
  2863             2
  2864             3
  2865             2
  2866             0
  2867             0
  2868             0
  2869             2
  2870             0
  2871             2
  2872             0
  2873             1
  2874             3
  2875             4
  2876             1
  2877             2
  2878             2
  2879             4
  2880             5
  2881             1
  2882             0
  2883             2
  2884             4
  2885             6
  2886             0
  2887             3
  2888             3
  2889             6
  2890             3
  2891             3
  2892             5
  2893             1
  2894             2
  2895             2
  2896             3
  2897             2
  2898             8
  2899             3
  2900             2
  2901             4
  2902             1
  2903             3
  2904             1
  2905             3
  2906             4
  2907             3
  2908             2
  2909             1
  2910             3
  2911             0
  2912             2
  2913             3
  2914             2
  2915             1
  2916             4
  2917             1
  2918             3
  2919             3
  2920             1
  2921             3
  2922             2
  2923             1
  2924             1
  2925             0
  2926             1
  2927             4
  2928             1
  2929             0
  2930             0
  2931             2
  2932             1
  2933             0
  2934             1
  2935             2
  2936             1
  2937             0
  2938             5
  2939             1
  2940             1
  2941             1
  2942             0
  2943             1
  2944             1
  2945             0
  2946             1
  2947             0
  2948             0
  2949             1
  2950             2
  2951             1
  2952             0
  2953             2
  2954             1
  2955             2
  2956             2
  2957             0
  2958             0
  2959             1
  2960             0
  2961             1
  2962             0
  2963             0
  2964             0
  2965             1
  2966             0
  2967             3
  2968             2
  2969             3
  2970             1
  2971             2
  2972             1
  2973             1
  2974             3
  2975             1
  2976             1
  2977             2
  2978             4
  2979             2
  2980             3
  2981             1
  2982             0
  2983             2
  2984             5
  2985             1
  2986             3
  2987             2
  2988             4
  2989             2
  2990             7
  2991             6
  2992             7
  2993             4
  2994             9
  2995             5
  2996             6
  2997             5
  2998             9
  2999             8
  3000            10
  3001             7
  3002            12
  3003             5
  3004             8
  3005            11
  3006            11
  3007             8
  3008            11
  3009             6
  3010            16
  3011             7
  3012            10
  3013            16
  3014            15
  3015            13
  3016            16
  3017            15
  3018            11
  3019             9
  3020            19
  3021            20
  3022            17
  3023            25
  3024            16
  3025            24
  3026            16
  3027            18
  3028            12
  3029            23
  3030            18
  3031             8
  3032            18
  3033            16
  3034            19
  3035            29
  3036            20
  3037            15
  3038            16
  3039            30
  3040            26
  3041            19
  3042            19
  3043            22
  3044            17
  3045            14
  3046            17
  3047            15
  3048            24
  3049            20
  3050            12
  3051            21
  3052            19
  3053            16
  3054            15
  3055             9
  3056            12
  3057            10
  3058            13
  3059            18
  3060             8
  3061            14
  3062            15
  3063            15
  3064            11
  3065             7
  3066             7
  3067            10
  3068             8
  3069            11
  3070             8
  3071             4
  3072             4
  3073             6
  3074             8
  3075             6
  3076             6
  3077             2
  3078             4
  3079             2
  3080             2
  3081             4
  3082             2
  3083             1
  3084             2
  3085             4
  3086             1
  3087             5
  3088             3
  3089             3
  3090             2
  3091             2
  3092             1
  3093             3
  3094             2
  3095             1
  3096             0
  3097             1
  3098             2
  3099             2
  3100             0
  3101             0
  3102             1
  3103             0
  3104             1
  3105             0
  3106             0
  3107             0
  3108             1
  3109             1
  3110             0
  3111             0
  3112             0
  3113             1
  3114             0
  3115             0
  3116             0
  3117             0
  3118             0
  3119             0
  3120             0
  3121             0
  3122             1
  3123             0
  3124             1
  3125             0
  3126             0
  3127             0
  3128             0
  3129             0
  3130             0
  3131             0
  3132             0
  3133             0
  3134             0
  3135             0
  3136             0
  3137             0
  3138             0
  3139             0
  3140             0
  3141             0
  3142             0
  3143             0
  3144             0
  3145             0
  3146             0
  3147             0
  3148             0
  3149             0
  3150             0
  3151             1
  3152             0
  3153             1
  3154             0
  3155             0
  3156             1
  3157             0
  3158             0
  3159             0
  3160             0
  3161             0
  3162             0
  3163             0
  3164             0
  3165             0
  3166             0
  3167             0
  3168             0
  3169             0
  3170             0
  3171             1
  3172             1
  3173             0
  3174             0
  3175             0
  3176             0
  3177             0
  3178             0
  3179             1
  3180             0
  3181             0
  3182             1
  3183             0
  3184             1
  3185             0
  3186             2
  3187             0
  3188             0
  3189             0
  3190             1
  3191             0
  3192             1
  3193             0
  3194             0
  3195             0
  3196             1
  3197             1
  3198             0
  3199             0
  3200             0
  3201             0
  3202             1
  3203             0
  3204             0
  3205             1
  3206             0
  3207             0
  3208             0
  3209             0
  3210             0
  3211             0
  3212             0
  3213             0
  3214             1
  3215             0
  3216             0
  3217             0
  3218             0
  3219             0
  3220             0
  3221             0
  3222             0
  3223             1
  3224             1
  3225             0
  3226             1
  3227             0
  3228             0
  3229             0
  3230             0
  3231             0
  3232             0
  3233             0
  3234             0
  3235             0
  3236             0
  3237             0
  3238             0
  3239             0
  3240             0
  3241             0
  3242             0
  3243             0
  3244             0
  3245             0
  3246             0
  3247             0
  3248             0
  3249             0
  3250             1
  3251             0
  3252             0
  3253             0
  3254             0
  3255             0
  3256             0
  3257             0
  3258             0
  3259             1
  3260             0
  3261             1
  3262             0
  3263             0
  3264             1
  3265             0
  3266             0
  3267             0
  3268             0
  3269             0
  3270             0
  3271             0
  3272             0
  3273             1
  3274             0
  3275             0
  3276             0
  3277             1
  3278             0
  3279             0
  3280             0
  3281             0
  3282             0
  3283             0
  3284             0
  3285             0
  3286             0
  3287             0
  3288             1
  3289             0
  3290             0
  3291             0
  3292             0
  3293             0
  3294             0
  3295             0
  3296             1
  3297             0
  3298             0
  3299             0
  3300             0
  3301             1
  3302             0
  3303             0
  3304             0
  3305             0
  3306             0
  3307             0
  3308             0
  3309             1
  3310             0
  3311             0
  3312             0
  3313             0
  3314             0
  3315             1
  3316             0
  3317             2
  3318             0
  3319             0
  3320             0
  3321             0
  3322             1
  3323             0
  3324             1
  3325             0
  3326             0
  3327             0
  3328             0
  3329             0
  3330             0
  3331             0
  3332             0
  3333             0
  3334             0
  3335             1
  3336             0
  3337             0
  3338             0
  3339             0
  3340             0
  3341             0
  3342             0
  3343             0
  3344             0
  3345             0
  3346             0
  3347             0
  3348             0
  3349             0
  3350             0
  3351             0
  3352             0
  3353             0
  3354             0
  3355             0
  3356             0
  3357             0
  3358             0
  3359             0
  3360             0
  3361             0
  3362             0
  3363             0
  3364             0
  3365             0
  3366             0
  3367             0
  3368             1
  3369             0
  3370             0
  3371             0
  3372             1
  3373             0
  3374             0
  3375             0
  3376             1
  3377             0
  3378             0
  3379             0
  3380             0
  3381             0
  3382             0
  3383             0
  3384             0
  3385             0
  3386             0
  3387             0
  3388             0
  3389             0
  3390             0
  3391             0
  3392             0
  3393             0
  3394             0
  3395             0
  3396             0
  3397             0
  3398             2
  3399             0
  3400             0
  3401             0
  3402             0
  3403             0
  3404             0
  3405             0
  3406             0
  3407             0
  3408             0
  3409             0
  3410             0
  3411             0
  3412             0
  3413             0
  3414             0
  3415             0
  3416             0
  3417             0
  3418             0
  3419             0
  3420             0
  3421             0
  3422             0
  3423             0
  3424             0
  3425             0
  3426             0
  3427             0
  3428             0
  3429             1
  3430             1
  3431             1
  3432             0
  3433             0
  3434             0
  3435             1
  3436             2
  3437             0
  3438             0
  3439             0
  3440             0
  3441             1
  3442             0
  3443             0
  3444             0
  3445             0
  3446             0
  3447             0
  3448             1
  3449             0
  3450             0
  3451             0
  3452             0
  3453             0
  3454             0
  3455             0
  3456             1
  3457             0
  3458             0
  3459             0
  3460             0
  3461             0
  3462             0
  3463             0
  3464             0
  3465             0
  3466             0
  3467             1
  3468             1
  3469             1
  3470             0
  3471             0
  3472             0
  3473             0
  3474             0
  3475             0
  3476             1
  3477             0
  3478             0
  3479             0
  3480             0
  3481             0
  3482             0
  3483             0
  3484             0
  3485             0
  3486             0
  3487             0
  3488             0
  3489             0
  3490             1
  3491             1
  3492             0
  3493             0
  3494             0
  3495             0
  3496             0
  3497             0
  3498             0
  3499             0
  3500             0
  3501             1
  3502             0
  3503             1
  3504             0
  3505             0
  3506             1
  3507             1
  3508             0
  3509             0
  3510             0
  3511             0
  3512             0
  3513             0
  3514             0
  3515             0
  3516             0
  3517             0
  3518             0
  3519             0
  3520             0
  3521             0
  3522             0
  3523             0
  3524             1
  3525             0
  3526             0
  3527             0
  3528             0
  3529             0
  3530             0
  3531             0
  3532             0
  3533             0
  3534             0
  3535             0
  3536             0
  3537             0
  3538             0
  3539             0
  3540             0
  3541             0
  3542             2
  3543             0
  3544             0
  3545             0
  3546             0
  3547             0
  3548             0
  3549             0
  3550             0
  3551             0
  3552             0
  3553             0
  3554             0
  3555             0
  3556             1
  3557             0
  3558             0
  3559             0
  3560             0
  3561             0
  3562             0
  3563             0
  3564             0
  3565             0
  3566             0
  3567             0
  3568             0
  3569             0
  3570             0
  3571             0
  3572             0
  3573             0
  3574             0
  3575             0
  3576             0
  3577             0
  3578             0
  3579             0
  3580             0
  3581             0
  3582             0
  3583             0
  3584             0
  3585             0
  3586             0
  3587             0
  3588             1
  3589             0
  3590             0
  3591             0
  3592             0
  3593             0
  3594             0
  3595             0
  3596             0
  3597             0
  3598             0
  3599             0
  3600             0
  3601             0
  3602             0
  3603             0
  3604             0
  3605             0
  3606             0
  3607             0
  3608             0
  3609             0
  3610             0
  3611             0
  3612             0
  3613             1
  3614             0
  3615             0
  3616             1
  3617             0
  3618             0
  3619             0
  3620             0
  3621             0
  3622             0
  3623             0
  3624             0
  3625             0
  3626             0
  3627             0
  3628             0
  3629             0
  3630             0
  3631             0
  3632             0
  3633             0
  3634             0
  3635             0
  3636             0
  3637             0
  3638             0
  3639             0
  3640             0
  3641             0
  3642             0
  3643             0
  3644             0
  3645             0
  3646             0
  3647             0
  3648             0
  3649             0
  3650             0
  3651             0
  3652             0
  3653             0
  3654             0
  3655             0
  3656             0
  3657             0
  3658             0
  3659             0
  3660             0
  3661             0
  3662             0
  3663             0
  3664             0
  3665             0
  3666             0
  3667             0
  3668             0
  3669             0
  3670             0
  3671             0
  3672             0
  3673             1
  3674             0
  3675             0
  3676             0
  3677             0
  3678             0
  3679             0
  3680             0
  3681             0
  3682             0
  3683             0
  3684             1
  3685             0
  3686             0
  3687             0
  3688             0
  3689             0
  3690             0
  3691             0
  3692             0
  3693             0
  3694             0
  3695             0
  3696             0
  3697             0
  3698             0
  3699             0
  3700             0
  3701             0
  3702             0
  3703             0
  3704             0
  3705             0
  3706             0
  3707             0
  3708             0
  3709             0
  3710             0
  3711             0
  3712             0
  3713             0
  3714             0
  3715             0
  3716             0
  3717             0
  3718             0
  3719             0
  3720             0
  3721             0
  3722             0
  3723             0
  3724             0
  3725             0
  3726             0
  3727             0
  3728             0
  3729             0
  3730             0
  3731             0
  3732             0
  3733             0
  3734             0
  3735             0
  3736             0
  3737             0
  3738             0
  3739             0
  3740             0
  3741             0
  3742             0
  3743             0
  3744             0
  3745             0
  3746             0
  3747             0
  3748             0
  3749             0
  3750             0
  3751             0
  3752             0
  3753             0
  3754             0
  3755             0
  3756             0
  3757             0
  3758             0
  3759             0
  3760             0
  3761             0
  3762             0
  3763             0
  3764             0
  3765             0
  3766             0
  3767             0
  3768             0
  3769             0
  3770             0
  3771             0
  3772             0
  3773             0
  3774             0
  3775             0
  3776             0
  3777             0
  3778             0
  3779             0
  3780             0
  3781             0
  3782             0
  3783             0
  3784             0
  3785             0
  3786             0
  3787             0
  3788             0
  3789             0
  3790             0
  3791             0
  3792             0
  3793             0
  3794             0
  3795             0
  3796             0
  3797             0
  3798             0
  3799             0
  3800             0
  3801             0
  3802             0
  3803             0
  3804             0
  3805             0
  3806             0
  3807             0
  3808             0
  3809             0
  3810             0
  3811             0
  3812             0
  3813             0
  3814             0
  3815             0
  3816             0
  3817             0
  3818             0
  3819             1
  3820             0
  3821             0
  3822             0
  3823             0
  3824             0
  3825             0
  3826             0
  3827             0
  3828             0
  3829             0
  3830             0
  3831             0
  3832             0
  3833             0
  3834             0
  3835             0
  3836             0
  3837             0
  3838             0
  3839             0
  3840             0
  3841             0
  3842             0
  3843             0
  3844             0
  3845             0
  3846             0
  3847             0
  3848             0
  3849             0
  3850             0
  3851             0
  3852             0
  3853             0
  3854             0
  3855             0
  3856             0
  3857             0
  3858             0
  3859             0
  3860             0
  3861             0
  3862             0
  3863             0
  3864             0
  3865             0
  3866             0
  3867             0
  3868             0
  3869             0
  3870             0
  3871             0
  3872             0
  3873             0
  3874             0
  3875             0
  3876             0
  3877             0
  3878             0
  3879             0
  3880             0
  3881             0
  3882             0
  3883             0
  3884             0
  3885             0
  3886             0
  3887             0
  3888             0
  3889             0
  3890             0
  3891             0
  3892             0
  3893             0
  3894             0
  3895             0
  3896             0
  3897             0
  3898             0
  3899             0
  3900             0
  3901             0
  3902             0
  3903             0
  3904             0
  3905             0
  3906             0
  3907             0
  3908             0
  3909             0
  3910             0
  3911             0
  3912             0
  3913             0
  3914             0
  3915             0
  3916             0
  3917             0
  3918             0
  3919             0
  3920             0
  3921             0
  3922             0
  3923             0
  3924             0
  3925             0
  3926             0
  3927             0
  3928             0
  3929             0
  3930             0
  3931             0
  3932             0
  3933             0
  3934             0
  3935             0
  3936             0
  3937             0
  3938             0
  3939             0
  3940             0
  3941             0
  3942             0
  3943             0
  3944             0
  3945             0
  3946             0
  3947             0
  3948             0
  3949             0
  3950             0
  3951             0
  3952             0
  3953             0
  3954             0
  3955             0
  3956             0
  3957             0
  3958             0
  3959             0
  3960             0
  3961             0
  3962             0
  3963             0
  3964             0
  3965             0
  3966             0
  3967             0
  3968             0
  3969             0
  3970             0
  3971             0
  3972             0
  3973             0
  3974             0
  3975             0
  3976             0
  3977             0
  3978             0
  3979             0
  3980             0
  3981             0
  3982             0
  3983             0
  3984             0
  3985             0
  3986             0
  3987             0
  3988             0
  3989             0
  3990             0
  3991             0
  3992             0
  3993             0
  3994             0
  3995             0
  3996             0
  3997             0
  3998             0
  3999             0
  4000             0
  4001             0
  4002             0
  4003             0
  4004             0
  4005             0
  4006             0
  4007             0
  4008             0
  4009             0
  4010             0
  4011             0
  4012             0
  4013             0
  4014             0
  4015             0
  4016             0
  4017             0
  4018             0
  4019             0
  4020             0
  4021             0
  4022             0
  4023             0
  4024             0
  4025             0
  4026             0
  4027             0
  4028             0
  4029             0
  4030             0
  4031             0
  4032             0
  4033             0
  4034             0
  4035             0
  4036             0
  4037             0
  4038             0
  4039             0
  4040             0
  4041             0
  4042             0
  4043             0
  4044             0
  4045             0
  4046             0
  4047             0
  4048             0
  4049             0
  4050             0
  4051             0
  4052             0
  4053             0
  4054             0
  4055             0
  4056             0
  4057             0
  4058             0
  4059             0
  4060             0
  4061             0
  4062             0
  4063             0
  4064             0
  4065             0
  4066             0
  4067             0
  4068             0
  4069             0
  4070             0
  4071             0
  4072             0
  4073             0
  4074             0
  4075             0
  4076             0
  4077             0
  4078             0
  4079             0
  4080             0
  4081             0
  4082             0
  4083             0
  4084             0
  4085             0
  4086             0
  4087             0
  4088             0
  4089             0
  4090             0
  4091             0
  4092             0
  4093             0
  4094             0
  4095             0
