     0             0
     1             0
     2             0
     3             0
     4             0
     5             0
     6             0
     7             0
     8             0
     9             0
    10             0
    11             0
    12             0
    13             0
    14             0
    15             0
    16             0
    17             0
    18             0
    19             0
    20             0
    21             0
    22             0
    23             0
    24             0
    25             0
    26             0
    27             0
    28             0
    29             0
    30             0
    31             0
    32             0
    33             0
    34             0
    35             0
    36             0
    37             0
    38             0
    39             0
    40             0
    41             0
    42             0
    43             0
    44             0
    45             0
    46             0
    47             0
    48             0
    49             0
    50             0
    51             0
    52             0
    53             0
    54             0
    55             0
    56             0
    57             0
    58             0
    59             0
    60             0
    61             0
    62             0
    63             0
    64             0
    65             0
    66             0
    67             0
    68             0
    69             0
    70             0
    71             0
    72             0
    73             0
    74             0
    75             0
    76             0
    77             0
    78             0
    79             0
    80             0
    81             0
    82             0
    83             0
    84             0
    85             0
    86             0
    87             0
    88             0
    89             0
    90             0
    91             0
    92             0
    93             0
    94             0
    95             0
    96             0
    97             0
    98             0
    99             0
   100             0
   101             0
   102             0
   103             0
   104             0
   105             0
   106             0
   107             0
   108             0
   109             0
   110             0
   111             0
   112             0
   113             0
   114             0
   115             0
   116             0
   117             0
   118             0
   119             0
   120             0
   121             0
   122             0
   123             0
   124             0
   125             0
   126             0
   127             0
   128             0
   129             0
   130             0
   131             0
   132             0
   133             0
   134             0
   135             0
   136             0
   137             0
   138             0
   139             0
   140             0
   141             0
   142             0
   143             0
   144             0
   145             0
   146             0
   147             0
   148             0
   149             0
   150             0
   151             0
   152             0
   153             0
   154             0
   155             0
   156             0
   157             0
   158             0
   159             0
   160             0
   161             0
   162             0
   163             0
   164             0
   165             0
   166             0
   167             0
   168             0
   169             0
   170             0
   171             0
   172             0
   173             0
   174             0
   175             0
   176             0
   177             0
   178             0
   179             0
   180             0
   181             0
   182             0
   183             0
   184             0
   185             0
   186             0
   187             0
   188             0
   189             0
   190             0
   191             0
   192             0
   193             0
   194             0
   195             0
   196             0
   197             0
   198             0
   199             0
   200             0
   201             0
   202             0
   203             0
   204             0
   205             0
   206             0
   207             0
   208             0
   209             0
   210             0
   211             0
   212             0
   213             0
   214             0
   215             0
   216             0
   217             0
   218             0
   219             0
   220             0
   221             0
   222             0
   223             0
   224             0
   225             0
   226             0
   227             0
   228             0
   229             0
   230             0
   231             0
   232             0
   233             0
   234             0
   235             0
   236             0
   237             0
   238             0
   239             0
   240             0
   241             0
   242             0
   243             0
   244             0
   245             0
   246             0
   247             0
   248             0
   249             0
   250             0
   251             0
   252             0
   253             0
   254             0
   255             0
   256             0
   257             0
   258             0
   259             0
   260             0
   261             0
   262             0
   263             0
   264             0
   265             0
   266             0
   267             0
   268             0
   269             0
   270             0
   271             0
   272             0
   273             0
   274             0
   275             0
   276             0
   277             0
   278             0
   279             0
   280             0
   281             0
   282             0
   283             0
   284             0
   285             0
   286             0
   287             0
   288             0
   289             0
   290             0
   291             0
   292             0
   293             0
   294             0
   295             0
   296             0
   297             0
   298             0
   299             0
   300             0
   301             0
   302             0
   303             0
   304             0
   305             0
   306             0
   307             0
   308             0
   309             0
   310             0
   311             0
   312             0
   313             0
   314             0
   315             0
   316             0
   317             0
   318             0
   319             0
   320             0
   321             0
   322             0
   323             0
   324             0
   325             0
   326             0
   327             0
   328             0
   329             0
   330             0
   331             0
   332             0
   333             0
   334             1
   335             0
   336             0
   337             0
   338             0
   339             0
   340             0
   341             0
   342             0
   343             0
   344             0
   345             0
   346             0
   347             0
   348             0
   349             0
   350             0
   351             0
   352             0
   353             0
   354             0
   355             0
   356             0
   357             0
   358             0
   359             0
   360             0
   361             0
   362             0
   363             0
   364             0
   365             0
   366             0
   367             0
   368             0
   369             0
   370             0
   371             0
   372             0
   373             0
   374             0
   375             0
   376             0
   377             0
   378             0
   379             0
   380             0
   381             0
   382             0
   383             0
   384             0
   385             0
   386             0
   387             0
   388             0
   389             0
   390             0
   391             0
   392             0
   393             0
   394             0
   395             0
   396             0
   397             0
   398             0
   399             0
   400             0
   401             0
   402             0
   403             0
   404             0
   405             0
   406             0
   407             0
   408             0
   409             0
   410             0
   411             0
   412             0
   413             0
   414             0
   415             0
   416             0
   417             0
   418             0
   419             0
   420             0
   421             0
   422             0
   423             0
   424             0
   425             0
   426             0
   427             0
   428             0
   429             0
   430             0
   431             0
   432             0
   433             0
   434             0
   435             0
   436             0
   437             0
   438             0
   439             0
   440             0
   441             0
   442             0
   443             0
   444             0
   445             0
   446             0
   447             0
   448             0
   449             0
   450             0
   451             0
   452             0
   453             0
   454             0
   455             0
   456             0
   457             0
   458             0
   459             0
   460             0
   461             0
   462             0
   463             0
   464             0
   465             0
   466             0
   467             0
   468             0
   469             0
   470             0
   471             0
   472             0
   473             0
   474             0
   475             0
   476             0
   477             0
   478             0
   479             0
   480             0
   481             0
   482             0
   483             0
   484             0
   485             0
   486             0
   487             0
   488             0
   489             0
   490             0
   491             0
   492             0
   493             0
   494             0
   495             0
   496             0
   497             0
   498             1
   499             0
   500             1
   501             1
   502             0
   503             0
   504             0
   505             0
   506             0
   507             0
   508             0
   509             0
   510             1
   511             1
   512             2
   513             0
   514             1
   515             1
   516             1
   517             0
   518             0
   519             1
   520             0
   521             0
   522             0
   523             0
   524             2
   525             0
   526             0
   527             0
   528             0
   529             0
   530             1
   531             0
   532             0
   533             1
   534             0
   535             1
   536             0
   537             0
   538             1
   539             0
   540             3
   541             1
   542             0
   543             0
   544             0
   545             0
   546             1
   547             1
   548             0
   549             1
   550             1
   551             0
   552             1
   553             0
   554             2
   555             1
   556             0
   557             0
   558             0
   559             1
   560             0
   561             0
   562             0
   563             1
   564             1
   565             0
   566             2
   567             0
   568             1
   569             0
   570             0
   571             3
   572             0
   573             1
   574             0
   575             0
   576             0
   577             1
   578             0
   579             2
   580             1
   581             1
   582             0
   583             1
   584             0
   585             0
   586             0
   587             0
   588             0
   589             0
   590             0
   591             1
   592             0
   593             1
   594             1
   595             1
   596             0
   597             0
   598             3
   599             0
   600             1
   601             2
   602             0
   603             1
   604             1
   605             0
   606             0
   607             1
   608             0
   609             3
   610             1
   611             0
   612             0
   613             1
   614             0
   615             0
   616             0
   617             1
   618             1
   619             3
   620             0
   621             0
   622             0
   623             0
   624             3
   625             1
   626             0
   627             0
   628             2
   629             2
   630             0
   631             0
   632             0
   633             2
   634             0
   635             1
   636             0
   637             0
   638             1
   639             2
   640             0
   641             0
   642             0
   643             1
   644             1
   645             0
   646             1
   647             1
   648             2
   649             2
   650             1
   651             0
   652             0
   653             1
   654             0
   655             1
   656             1
   657             1
   658             0
   659             0
   660             0
   661             0
   662             0
   663             0
   664             1
   665             0
   666             3
   667             2
   668             1
   669             1
   670             0
   671             0
   672             0
   673             0
   674             0
   675             1
   676             0
   677             1
   678             0
   679             1
   680             0
   681             1
   682             1
   683             1
   684             1
   685             2
   686             0
   687             1
   688             0
   689             0
   690             0
   691             2
   692             1
   693             1
   694             0
   695             1
   696             0
   697             0
   698             2
   699             0
   700             0
   701             1
   702             1
   703             1
   704             2
   705             1
   706             0
   707             1
   708             0
   709             1
   710             0
   711             0
   712             2
   713             0
   714             0
   715             0
   716             0
   717             0
   718             0
   719             0
   720             0
   721             0
   722             0
   723             0
   724             0
   725             3
   726             0
   727             0
   728             0
   729             1
   730             0
   731             0
   732             1
   733             0
   734             1
   735             0
   736             2
   737             0
   738             0
   739             0
   740             0
   741             1
   742             1
   743             0
   744             2
   745             1
   746             0
   747             1
   748             2
   749             1
   750             1
   751             1
   752             3
   753             1
   754             1
   755             2
   756             1
   757             1
   758             2
   759             0
   760             0
   761             0
   762             0
   763             1
   764             0
   765             1
   766             0
   767             0
   768             1
   769             0
   770             0
   771             0
   772             1
   773             1
   774             0
   775             0
   776             0
   777             2
   778             1
   779             1
   780             4
   781             1
   782             1
   783             0
   784             2
   785             1
   786             0
   787             2
   788             0
   789             0
   790             1
   791             1
   792             0
   793             1
   794             0
   795             0
   796             0
   797             2
   798             2
   799             1
   800             0
   801             0
   802             1
   803             0
   804             0
   805             2
   806             0
   807             0
   808             1
   809             0
   810             0
   811             0
   812             2
   813             1
   814             0
   815             1
   816             0
   817             0
   818             1
   819             1
   820             1
   821             0
   822             0
   823             0
   824             0
   825             0
   826             0
   827             0
   828             2
   829             0
   830             0
   831             0
   832             0
   833             1
   834             0
   835             0
   836             0
   837             0
   838             0
   839             1
   840             0
   841             0
   842             1
   843             1
   844             1
   845             1
   846             1
   847             2
   848             0
   849             0
   850             2
   851             0
   852             2
   853             0
   854             1
   855             0
   856             3
   857             0
   858             0
   859             1
   860             0
   861             1
   862             0
   863             3
   864             1
   865             0
   866             0
   867             1
   868             1
   869             1
   870             0
   871             0
   872             0
   873             0
   874             3
   875             1
   876             0
   877             0
   878             2
   879             2
   880             1
   881             2
   882             0
   883             1
   884             3
   885             0
   886             0
   887             0
   888             0
   889             0
   890             1
   891             0
   892             1
   893             0
   894             1
   895             1
   896             0
   897             1
   898             1
   899             1
   900             1
   901             1
   902             0
   903             0
   904             0
   905             1
   906             1
   907             0
   908             0
   909             0
   910             0
   911             1
   912             0
   913             0
   914             2
   915             1
   916             1
   917             0
   918             1
   919             1
   920             0
   921             0
   922             2
   923             0
   924             0
   925             0
   926             0
   927             1
   928             0
   929             0
   930             0
   931             0
   932             1
   933             1
   934             0
   935             1
   936             0
   937             1
   938             0
   939             1
   940             1
   941             0
   942             1
   943             1
   944             2
   945             0
   946             3
   947             0
   948             0
   949             1
   950             0
   951             2
   952             1
   953             0
   954             0
   955             0
   956             1
   957             0
   958             2
   959             0
   960             1
   961             3
   962             1
   963             0
   964             1
   965             0
   966             0
   967             1
   968             0
   969             0
   970             0
   971             0
   972             1
   973             1
   974             1
   975             1
   976             0
   977             1
   978             0
   979             1
   980             1
   981             1
   982             1
   983             2
   984             1
   985             0
   986             1
   987             1
   988             0
   989             0
   990             2
   991             0
   992             3
   993             0
   994             0
   995             1
   996             0
   997             1
   998             2
   999             0
  1000             0
  1001             1
  1002             1
  1003             1
  1004             0
  1005             2
  1006             0
  1007             0
  1008             1
  1009             1
  1010             2
  1011             0
  1012             0
  1013             0
  1014             0
  1015             1
  1016             2
  1017             1
  1018             1
  1019             1
  1020             1
  1021             0
  1022             1
  1023             0
  1024             1
  1025             0
  1026             1
  1027             2
  1028             0
  1029             1
  1030             2
  1031             2
  1032             1
  1033             1
  1034             0
  1035             0
  1036             1
  1037             0
  1038             0
  1039             1
  1040             0
  1041             2
  1042             0
  1043             0
  1044             0
  1045             1
  1046             0
  1047             1
  1048             2
  1049             1
  1050             0
  1051             0
  1052             2
  1053             1
  1054             0
  1055             0
  1056             0
  1057             1
  1058             1
  1059             0
  1060             1
  1061             0
  1062             1
  1063             1
  1064             1
  1065             1
  1066             0
  1067             1
  1068             1
  1069             0
  1070             0
  1071             2
  1072             0
  1073             1
  1074             0
  1075             1
  1076             2
  1077             2
  1078             0
  1079             1
  1080             0
  1081             0
  1082             0
  1083             1
  1084             0
  1085             0
  1086             1
  1087             1
  1088             0
  1089             1
  1090             1
  1091             1
  1092             1
  1093             1
  1094             2
  1095             0
  1096             0
  1097             0
  1098             1
  1099             2
  1100             1
  1101             0
  1102             2
  1103             0
  1104             0
  1105             0
  1106             1
  1107             4
  1108             2
  1109             0
  1110             2
  1111             1
  1112             0
  1113             0
  1114             1
  1115             2
  1116             0
  1117             0
  1118             0
  1119             1
  1120             0
  1121             1
  1122             0
  1123             1
  1124             0
  1125             3
  1126             1
  1127             0
  1128             2
  1129             0
  1130             0
  1131             0
  1132             2
  1133             1
  1134             1
  1135             0
  1136             1
  1137             3
  1138             2
  1139             3
  1140             2
  1141             1
  1142             0
  1143             2
  1144             1
  1145             2
  1146             5
  1147             0
  1148             2
  1149             0
  1150             1
  1151             2
  1152             1
  1153             4
  1154             2
  1155             1
  1156             0
  1157             1
  1158             1
  1159             0
  1160             1
  1161             0
  1162             0
  1163             2
  1164             2
  1165             2
  1166             0
  1167             1
  1168             0
  1169             2
  1170             1
  1171             0
  1172             2
  1173             2
  1174             1
  1175             1
  1176             2
  1177             3
  1178             2
  1179             1
  1180             0
  1181             1
  1182             0
  1183             1
  1184             3
  1185             0
  1186             1
  1187             0
  1188             2
  1189             0
  1190             1
  1191             2
  1192             1
  1193             1
  1194             2
  1195             1
  1196             1
  1197             0
  1198             2
  1199             2
  1200             2
  1201             1
  1202             0
  1203             0
  1204             0
  1205             0
  1206             0
  1207             0
  1208             0
  1209             0
  1210             1
  1211             2
  1212             0
  1213             1
  1214             2
  1215             0
  1216             1
  1217             0
  1218             1
  1219             1
  1220             3
  1221             1
  1222             1
  1223             0
  1224             1
  1225             1
  1226             2
  1227             3
  1228             0
  1229             2
  1230             2
  1231             0
  1232             0
  1233             0
  1234             1
  1235             0
  1236             0
  1237             1
  1238             1
  1239             0
  1240             1
  1241             1
  1242             1
  1243             5
  1244             3
  1245             1
  1246             2
  1247             1
  1248             0
  1249             3
  1250             2
  1251             3
  1252             0
  1253             1
  1254             1
  1255             0
  1256             1
  1257             1
  1258             1
  1259             1
  1260             4
  1261             1
  1262             2
  1263             1
  1264             2
  1265             2
  1266             0
  1267             3
  1268             1
  1269             1
  1270             2
  1271             3
  1272             2
  1273             0
  1274             0
  1275             4
  1276             0
  1277             0
  1278             1
  1279             2
  1280             0
  1281             2
  1282             1
  1283             1
  1284             3
  1285             2
  1286             3
  1287             2
  1288             1
  1289             2
  1290             1
  1291             2
  1292             0
  1293             2
  1294             0
  1295             1
  1296             1
  1297             3
  1298             1
  1299             1
  1300             4
  1301             0
  1302             3
  1303             0
  1304             3
  1305             0
  1306             1
  1307             2
  1308             1
  1309             0
  1310             1
  1311             3
  1312             1
  1313             2
  1314             1
  1315             0
  1316             1
  1317             2
  1318             0
  1319             0
  1320             3
  1321             1
  1322             1
  1323             0
  1324             3
  1325             3
  1326             2
  1327             0
  1328             3
  1329             2
  1330             2
  1331             2
  1332             1
  1333             1
  1334             3
  1335             4
  1336             0
  1337             2
  1338             4
  1339             1
  1340             0
  1341             1
  1342             3
  1343             3
  1344             6
  1345             3
  1346             1
  1347             7
  1348             1
  1349             1
  1350             4
  1351             2
  1352             1
  1353             1
  1354             2
  1355             3
  1356             4
  1357             0
  1358             3
  1359             6
  1360             4
  1361             0
  1362             1
  1363             1
  1364             5
  1365             3
  1366             3
  1367             4
  1368             2
  1369             2
  1370             3
  1371             1
  1372             1
  1373             3
  1374             5
  1375             3
  1376             1
  1377             2
  1378             1
  1379             3
  1380             4
  1381             2
  1382             1
  1383             2
  1384             3
  1385             3
  1386             4
  1387             4
  1388             5
  1389             4
  1390             1
  1391             6
  1392             2
  1393             5
  1394             2
  1395             4
  1396             2
  1397             6
  1398             5
  1399             4
  1400             2
  1401             1
  1402             8
  1403             2
  1404             2
  1405             1
  1406             4
  1407             2
  1408             4
  1409             4
  1410             4
  1411             2
  1412             1
  1413             6
  1414             4
  1415             8
  1416             2
  1417             3
  1418             4
  1419             4
  1420             4
  1421             3
  1422             2
  1423             3
  1424             4
  1425             8
  1426             5
  1427             5
  1428             8
  1429             5
  1430             0
  1431             7
  1432             2
  1433             4
  1434             5
  1435             6
  1436             5
  1437             5
  1438             7
  1439             8
  1440            11
  1441             4
  1442             4
  1443            10
  1444             5
  1445             3
  1446             5
  1447             4
  1448            18
  1449             6
  1450             7
  1451             8
  1452             9
  1453            10
  1454             9
  1455            12
  1456             9
  1457            11
  1458             4
  1459             5
  1460            12
  1461            13
  1462             4
  1463            10
  1464             8
  1465            13
  1466             8
  1467            18
  1468            12
  1469            15
  1470            19
  1471            14
  1472             9
  1473            12
  1474            14
  1475            11
  1476            18
  1477            13
  1478            19
  1479             8
  1480            17
  1481            15
  1482            23
  1483            16
  1484            20
  1485            19
  1486            17
  1487            20
  1488            21
  1489            11
  1490            26
  1491            24
  1492            27
  1493            23
  1494            26
  1495            34
  1496            28
  1497            36
  1498            38
  1499            53
  1500            36
  1501            32
  1502            54
  1503            53
  1504            48
  1505            49
  1506            64
  1507            63
  1508            61
  1509            65
  1510            66
  1511            70
  1512            73
  1513            87
  1514            96
  1515            91
  1516           116
  1517            97
  1518           112
  1519           133
  1520           142
  1521           113
  1522           154
  1523           138
  1524           145
  1525           149
  1526           136
  1527           201
  1528           162
  1529           173
  1530           199
  1531           187
  1532           211
  1533           203
  1534           218
  1535           209
  1536           218
  1537           210
  1538           235
  1539           222
  1540           256
  1541           272
  1542           241
  1543           251
  1544           279
  1545           280
  1546           272
  1547           286
  1548           265
  1549           265
  1550           293
  1551           261
  1552           263
  1553           293
  1554           259
  1555           271
  1556           257
  1557           241
  1558           226
  1559           250
  1560           236
  1561           241
  1562           206
  1563           242
  1564           248
  1565           188
  1566           179
  1567           189
  1568           187
  1569           177
  1570           151
  1571           167
  1572           137
  1573           140
  1574           156
  1575           139
  1576           106
  1577            96
  1578           110
  1579            96
  1580           120
  1581            78
  1582            89
  1583            78
  1584            63
  1585            58
  1586            44
  1587            50
  1588            56
  1589            50
  1590            46
  1591            37
  1592            55
  1593            36
  1594            33
  1595            14
  1596            30
  1597            27
  1598            33
  1599            21
  1600            15
  1601            22
  1602            30
  1603            13
  1604            12
  1605            23
  1606            16
  1607            21
  1608            22
  1609            23
  1610            16
  1611            10
  1612            21
  1613            12
  1614            19
  1615             9
  1616            10
  1617            12
  1618            18
  1619            12
  1620            13
  1621            20
  1622            27
  1623            23
  1624            28
  1625            31
  1626            28
  1627            32
  1628            28
  1629            27
  1630            38
  1631            35
  1632            38
  1633            25
  1634            29
  1635            35
  1636            37
  1637            46
  1638            46
  1639            46
  1640            71
  1641            56
  1642            51
  1643            73
  1644            79
  1645            75
  1646            62
  1647            88
  1648            90
  1649            93
  1650           108
  1651            98
  1652           103
  1653           119
  1654            99
  1655           123
  1656           101
  1657           133
  1658           141
  1659           141
  1660           155
  1661           183
  1662           154
  1663           183
  1664           189
  1665           210
  1666           200
  1667           205
  1668           197
  1669           214
  1670           226
  1671           222
  1672           217
  1673           220
  1674           240
  1675           227
  1676           217
  1677           240
  1678           241
  1679           259
  1680           271
  1681           242
  1682           219
  1683           236
  1684           235
  1685           224
  1686           240
  1687           221
  1688           246
  1689           258
  1690           204
  1691           205
  1692           195
  1693           204
  1694           208
  1695           185
  1696           161
  1697           187
  1698           184
  1699           187
  1700           158
  1701           151
  1702           142
  1703           153
  1704           132
  1705           142
  1706           120
  1707           127
  1708           117
  1709           103
  1710            93
  1711            91
  1712            81
  1713            71
  1714            68
  1715            75
  1716            66
  1717            63
  1718            65
  1719            51
  1720            44
  1721            47
  1722            32
  1723            40
  1724            36
  1725            38
  1726            34
  1727            28
  1728            34
  1729            37
  1730            29
  1731            37
  1732            28
  1733            27
  1734            26
  1735            33
  1736            36
  1737            33
  1738            27
  1739            27
  1740            26
  1741            32
  1742            42
  1743            26
  1744            26
  1745            30
  1746            36
  1747            48
  1748            37
  1749            34
  1750            44
  1751            41
  1752            39
  1753            36
  1754            40
  1755            47
  1756            42
  1757            41
  1758            43
  1759            40
  1760            36
  1761            58
  1762            49
  1763            51
  1764            52
  1765            53
  1766            56
  1767            54
  1768            70
  1769            77
  1770            59
  1771            70
  1772            77
  1773            87
  1774            85
  1775            99
  1776            92
  1777           100
  1778           103
  1779           106
  1780            99
  1781           112
  1782           118
  1783           117
  1784           136
  1785           138
  1786           156
  1787           173
  1788           166
  1789           166
  1790           197
  1791           179
  1792           168
  1793           215
  1794           190
  1795           237
  1796           242
  1797           245
  1798           234
  1799           248
  1800           255
  1801           299
  1802           275
  1803           280
  1804           277
  1805           290
  1806           304
  1807           344
  1808           314
  1809           300
  1810           340
  1811           298
  1812           309
  1813           350
  1814           292
  1815           317
  1816           301
  1817           294
  1818           331
  1819           306
  1820           322
  1821           313
  1822           288
  1823           291
  1824           279
  1825           291
  1826           282
  1827           241
  1828           264
  1829           218
  1830           206
  1831           220
  1832           204
  1833           204
  1834           168
  1835           206
  1836           175
  1837           175
  1838           158
  1839           132
  1840           130
  1841           122
  1842           131
  1843            97
  1844            70
  1845            94
  1846            77
  1847            80
  1848            62
  1849            73
  1850            61
  1851            55
  1852            52
  1853            46
  1854            34
  1855            38
  1856            53
  1857            26
  1858            36
  1859            25
  1860            27
  1861            20
  1862            23
  1863            18
  1864            18
  1865            14
  1866            17
  1867            15
  1868            15
  1869             8
  1870            11
  1871             9
  1872            11
  1873            12
  1874            14
  1875            18
  1876            13
  1877            10
  1878            12
  1879            17
  1880            15
  1881             6
  1882            12
  1883            19
  1884            21
  1885            16
  1886            12
  1887            15
  1888            16
  1889            11
  1890            19
  1891            19
  1892            15
  1893            16
  1894            15
  1895            14
  1896            14
  1897            10
  1898            20
  1899            11
  1900            11
  1901             9
  1902            13
  1903            15
  1904             5
  1905             9
  1906             9
  1907             9
  1908            11
  1909             4
  1910            14
  1911            13
  1912            16
  1913             6
  1914             8
  1915             8
  1916             3
  1917             7
  1918             6
  1919             7
  1920             4
  1921             3
  1922             5
  1923             7
  1924             3
  1925             4
  1926             4
  1927             6
  1928             6
  1929             2
  1930             4
  1931             3
  1932             0
  1933             1
  1934             4
  1935             5
  1936             1
  1937             2
  1938             2
  1939             1
  1940             1
  1941             2
  1942             0
  1943             1
  1944             1
  1945             1
  1946             0
  1947             1
  1948             1
  1949             1
  1950             1
  1951             1
  1952             1
  1953             1
  1954             2
  1955             3
  1956             0
  1957             0
  1958             2
  1959             0
  1960             0
  1961             0
  1962             0
  1963             0
  1964             1
  1965             0
  1966             1
  1967             1
  1968             1
  1969             2
  1970             0
  1971             2
  1972             1
  1973             0
  1974             0
  1975             0
  1976             1
  1977             1
  1978             1
  1979             0
  1980             0
  1981             1
  1982             1
  1983             0
  1984             1
  1985             1
  1986             1
  1987             1
  1988             0
  1989             0
  1990             0
  1991             1
  1992             0
  1993             1
  1994             4
  1995             6
  1996             0
  1997             0
  1998             1
  1999             2
  2000             2
  2001             2
  2002             3
  2003             4
  2004             4
  2005             2
  2006             4
  2007             0
  2008             1
  2009             7
  2010             2
  2011             0
  2012             2
  2013             3
  2014             4
  2015             6
  2016             2
  2017             4
  2018             2
  2019             5
  2020             4
  2021             7
  2022             5
  2023             4
  2024             4
  2025             5
  2026             5
  2027             4
  2028             8
  2029             5
  2030             1
  2031             6
  2032             5
  2033             3
  2034             5
  2035             4
  2036             6
  2037             8
  2038             6
  2039             8
  2040             3
  2041             8
  2042             2
  2043             8
  2044             6
  2045             5
  2046             7
  2047             1
  2048             5
  2049            10
  2050             3
  2051             1
  2052             5
  2053             8
  2054             4
  2055             1
  2056             3
  2057             0
  2058             3
  2059             2
  2060             3
  2061             2
  2062             4
  2063             4
  2064             1
  2065             1
  2066             3
  2067             2
  2068             5
  2069             0
  2070             3
  2071             2
  2072             2
  2073             1
  2074             3
  2075             5
  2076             4
  2077             3
  2078             3
  2079             1
  2080             3
  2081             3
  2082             3
  2083             4
  2084             1
  2085             4
  2086             6
  2087             3
  2088             6
  2089             2
  2090             4
  2091             4
  2092             3
  2093             5
  2094             7
  2095             5
  2096             6
  2097            13
  2098             4
  2099            11
  2100             7
  2101            13
  2102             7
  2103            11
  2104            11
  2105            13
  2106            16
  2107            11
  2108            13
  2109            12
  2110            13
  2111            20
  2112             7
  2113            22
  2114            19
  2115            16
  2116            13
  2117            14
  2118            14
  2119            16
  2120            20
  2121            13
  2122            15
  2123            15
  2124            18
  2125            10
  2126            17
  2127            17
  2128            22
  2129            12
  2130            14
  2131            10
  2132            15
  2133            11
  2134            26
  2135            15
  2136            14
  2137            12
  2138             9
  2139            10
  2140            11
  2141             7
  2142             5
  2143             5
  2144             8
  2145             7
  2146             8
  2147             4
  2148             5
  2149             4
  2150             5
  2151            12
  2152             4
  2153             4
  2154             2
  2155             3
  2156             4
  2157             2
  2158             5
  2159             3
  2160             0
  2161             3
  2162             2
  2163             0
  2164             2
  2165             0
  2166             2
  2167             2
  2168             2
  2169             1
  2170             2
  2171             1
  2172             0
  2173             0
  2174             0
  2175             1
  2176             1
  2177             0
  2178             1
  2179             0
  2180             0
  2181             3
  2182             1
  2183             0
  2184             1
  2185             0
  2186             0
  2187             2
  2188             0
  2189             2
  2190             1
  2191             1
  2192             1
  2193             0
  2194             0
  2195             0
  2196             0
  2197             2
  2198             0
  2199             0
  2200             0
  2201             0
  2202             0
  2203             0
  2204             0
  2205             0
  2206             1
  2207             1
  2208             0
  2209             0
  2210             0
  2211             0
  2212             0
  2213             1
  2214             1
  2215             0
  2216             1
  2217             0
  2218             2
  2219             0
  2220             1
  2221             1
  2222             0
  2223             2
  2224             1
  2225             0
  2226             0
  2227             0
  2228             2
  2229             1
  2230             2
  2231             1
  2232             0
  2233             2
  2234             1
  2235             1
  2236             0
  2237             2
  2238             1
  2239             1
  2240             1
  2241             0
  2242             2
  2243             0
  2244             0
  2245             2
  2246             1
  2247             0
  2248             1
  2249             1
  2250             2
  2251             3
  2252             0
  2253             0
  2254             1
  2255             1
  2256             0
  2257             3
  2258             0
  2259             2
  2260             0
  2261             2
  2262             2
  2263             2
  2264             3
  2265             2
  2266             4
  2267             6
  2268             0
  2269             2
  2270             2
  2271             4
  2272             3
  2273             3
  2274             9
  2275             7
  2276            10
  2277            10
  2278            10
  2279             7
  2280             2
  2281             9
  2282            10
  2283             8
  2284             7
  2285             7
  2286            13
  2287            11
  2288            11
  2289            10
  2290            10
  2291            12
  2292            13
  2293             7
  2294             9
  2295            13
  2296            18
  2297            11
  2298            20
  2299            15
  2300            13
  2301            14
  2302            18
  2303            24
  2304            19
  2305            26
  2306            19
  2307            14
  2308            15
  2309            18
  2310            19
  2311            15
  2312            15
  2313            16
  2314            12
  2315            13
  2316             8
  2317            11
  2318            10
  2319             7
  2320            11
  2321             7
  2322            10
  2323            11
  2324             6
  2325             4
  2326             4
  2327             7
  2328             6
  2329             5
  2330             4
  2331             4
  2332             5
  2333             4
  2334             4
  2335             1
  2336             5
  2337             0
  2338             0
  2339             3
  2340             1
  2341             2
  2342             0
  2343             0
  2344             2
  2345             0
  2346             0
  2347             0
  2348             1
  2349             0
  2350             0
  2351             0
  2352             1
  2353             2
  2354             0
  2355             2
  2356             0
  2357             0
  2358             0
  2359             0
  2360             0
  2361             0
  2362             0
  2363             0
  2364             0
  2365             0
  2366             0
  2367             0
  2368             0
  2369             0
  2370             0
  2371             0
  2372             0
  2373             1
  2374             1
  2375             0
  2376             0
  2377             1
  2378             0
  2379             1
  2380             1
  2381             1
  2382             0
  2383             0
  2384             0
  2385             0
  2386             3
  2387             0
  2388             0
  2389             1
  2390             0
  2391             1
  2392             0
  2393             0
  2394             0
  2395             0
  2396             1
  2397             1
  2398             1
  2399             0
  2400             1
  2401             3
  2402             1
  2403             1
  2404             1
  2405             2
  2406             3
  2407             1
  2408             1
  2409             3
  2410             0
  2411             1
  2412             5
  2413             1
  2414             1
  2415             0
  2416             2
  2417             4
  2418             0
  2419             0
  2420             1
  2421             1
  2422             0
  2423             2
  2424             1
  2425             0
  2426             2
  2427             1
  2428             1
  2429             1
  2430             0
  2431             1
  2432             0
  2433             1
  2434             0
  2435             0
  2436             0
  2437             0
  2438             0
  2439             1
  2440             0
  2441             1
  2442             0
  2443             0
  2444             0
  2445             0
  2446             0
  2447             0
  2448             0
  2449             0
  2450             0
  2451             0
  2452             0
  2453             0
  2454             0
  2455             0
  2456             0
  2457             0
  2458             0
  2459             0
  2460             0
  2461             0
  2462             0
  2463             0
  2464             0
  2465             1
  2466             0
  2467             0
  2468             0
  2469             0
  2470             0
  2471             0
  2472             0
  2473             0
  2474             0
  2475             0
  2476             1
  2477             0
  2478             0
  2479             0
  2480             0
  2481             0
  2482             0
  2483             0
  2484             0
  2485             0
  2486             0
  2487             0
  2488             1
  2489             1
  2490             0
  2491             0
  2492             0
  2493             0
  2494             0
  2495             0
  2496             0
  2497             0
  2498             0
  2499             0
  2500             0
  2501             0
  2502             0
  2503             0
  2504             0
  2505             0
  2506             0
  2507             1
  2508             0
  2509             0
  2510             1
  2511             0
  2512             0
  2513             0
  2514             0
  2515             0
  2516             0
  2517             0
  2518             0
  2519             0
  2520             0
  2521             1
  2522             0
  2523             0
  2524             0
  2525             0
  2526             0
  2527             0
  2528             1
  2529             0
  2530             0
  2531             1
  2532             0
  2533             0
  2534             0
  2535             0
  2536             0
  2537             0
  2538             0
  2539             0
  2540             0
  2541             0
  2542             0
  2543             1
  2544             0
  2545             0
  2546             0
  2547             0
  2548             0
  2549             0
  2550             0
  2551             0
  2552             0
  2553             0
  2554             0
  2555             0
  2556             1
  2557             0
  2558             0
  2559             0
  2560             0
  2561             0
  2562             0
  2563             0
  2564             0
  2565             0
  2566             0
  2567             0
  2568             0
  2569             0
  2570             0
  2571             0
  2572             1
  2573             0
  2574             0
  2575             0
  2576             0
  2577             0
  2578             0
  2579             0
  2580             0
  2581             0
  2582             0
  2583             0
  2584             0
  2585             0
  2586             0
  2587             0
  2588             0
  2589             0
  2590             0
  2591             0
  2592             0
  2593             0
  2594             0
  2595             0
  2596             0
  2597             0
  2598             0
  2599             0
  2600             0
  2601             0
  2602             0
  2603             0
  2604             1
  2605             0
  2606             0
  2607             0
  2608             0
  2609             0
  2610             0
  2611             0
  2612             0
  2613             0
  2614             0
  2615             0
  2616             0
  2617             0
  2618             0
  2619             0
  2620             0
  2621             0
  2622             0
  2623             0
  2624             0
  2625             0
  2626             0
  2627             0
  2628             0
  2629             0
  2630             0
  2631             0
  2632             0
  2633             0
  2634             0
  2635             0
  2636             0
  2637             0
  2638             0
  2639             0
  2640             0
  2641             0
  2642             0
  2643             0
  2644             0
  2645             0
  2646             0
  2647             0
  2648             0
  2649             0
  2650             0
  2651             0
  2652             0
  2653             0
  2654             0
  2655             1
  2656             0
  2657             0
  2658             0
  2659             0
  2660             0
  2661             0
  2662             1
  2663             0
  2664             0
  2665             1
  2666             0
  2667             0
  2668             0
  2669             0
  2670             0
  2671             0
  2672             0
  2673             0
  2674             0
  2675             0
  2676             0
  2677             0
  2678             0
  2679             0
  2680             0
  2681             1
  2682             0
  2683             0
  2684             0
  2685             0
  2686             0
  2687             0
  2688             1
  2689             0
  2690             0
  2691             0
  2692             0
  2693             0
  2694             0
  2695             0
  2696             1
  2697             1
  2698             0
  2699             2
  2700             0
  2701             0
  2702             0
  2703             1
  2704             0
  2705             0
  2706             0
  2707             0
  2708             0
  2709             0
  2710             0
  2711             0
  2712             0
  2713             0
  2714             1
  2715             0
  2716             0
  2717             0
  2718             0
  2719             0
  2720             0
  2721             0
  2722             1
  2723             0
  2724             0
  2725             0
  2726             0
  2727             0
  2728             0
  2729             1
  2730             0
  2731             0
  2732             0
  2733             0
  2734             0
  2735             0
  2736             0
  2737             0
  2738             0
  2739             0
  2740             0
  2741             0
  2742             0
  2743             0
  2744             1
  2745             0
  2746             0
  2747             0
  2748             0
  2749             0
  2750             0
  2751             1
  2752             0
  2753             0
  2754             0
  2755             0
  2756             0
  2757             0
  2758             0
  2759             1
  2760             0
  2761             1
  2762             0
  2763             0
  2764             0
  2765             0
  2766             1
  2767             0
  2768             1
  2769             0
  2770             0
  2771             0
  2772             0
  2773             0
  2774             0
  2775             0
  2776             0
  2777             1
  2778             0
  2779             0
  2780             0
  2781             0
  2782             0
  2783             0
  2784             0
  2785             0
  2786             0
  2787             0
  2788             0
  2789             0
  2790             1
  2791             1
  2792             0
  2793             0
  2794             0
  2795             0
  2796             0
  2797             0
  2798             1
  2799             0
  2800             0
  2801             0
  2802             0
  2803             0
  2804             0
  2805             0
  2806             0
  2807             0
  2808             1
  2809             0
  2810             0
  2811             0
  2812             0
  2813             0
  2814             0
  2815             0
  2816             0
  2817             0
  2818             0
  2819             1
  2820             0
  2821             0
  2822             0
  2823             1
  2824             0
  2825             0
  2826             0
  2827             0
  2828             1
  2829             0
  2830             0
  2831             0
  2832             0
  2833             0
  2834             0
  2835             0
  2836             0
  2837             1
  2838             0
  2839             2
  2840             0
  2841             0
  2842             1
  2843             0
  2844             1
  2845             0
  2846             0
  2847             0
  2848             0
  2849             0
  2850             1
  2851             1
  2852             0
  2853             1
  2854             1
  2855             1
  2856             1
  2857             1
  2858             0
  2859             0
  2860             0
  2861             3
  2862             0
  2863             0
  2864             0
  2865             2
  2866             2
  2867             2
  2868             0
  2869             0
  2870             0
  2871             0
  2872             1
  2873             0
  2874             2
  2875             1
  2876             1
  2877             1
  2878             1
  2879             1
  2880             0
  2881             1
  2882             0
  2883             0
  2884             0
  2885             0
  2886             1
  2887             1
  2888             0
  2889             1
  2890             1
  2891             2
  2892             5
  2893             3
  2894             0
  2895             3
  2896             1
  2897             0
  2898             1
  2899             0
  2900             3
  2901             1
  2902             2
  2903             2
  2904             0
  2905             0
  2906             1
  2907             1
  2908             0
  2909             0
  2910             0
  2911             0
  2912             1
  2913             0
  2914             0
  2915             0
  2916             0
  2917             0
  2918             0
  2919             0
  2920             0
  2921             1
  2922             0
  2923             1
  2924             1
  2925             0
  2926             0
  2927             0
  2928             0
  2929             0
  2930             0
  2931             0
  2932             2
  2933             2
  2934             1
  2935             0
  2936             0
  2937             0
  2938             1
  2939             1
  2940             0
  2941             0
  2942             0
  2943             0
  2944             0
  2945             0
  2946             0
  2947             0
  2948             0
  2949             0
  2950             1
  2951             0
  2952             0
  2953             0
  2954             0
  2955             1
  2956             0
  2957             0
  2958             1
  2959             1
  2960             1
  2961             1
  2962             0
  2963             1
  2964             0
  2965             0
  2966             0
  2967             0
  2968             1
  2969             0
  2970             0
  2971             0
  2972             0
  2973             0
  2974             0
  2975             0
  2976             0
  2977             1
  2978             1
  2979             2
  2980             1
  2981             1
  2982             2
  2983             3
  2984             2
  2985             1
  2986             2
  2987             4
  2988             0
  2989             2
  2990             3
  2991             1
  2992             2
  2993             3
  2994             2
  2995             2
  2996             2
  2997             5
  2998             1
  2999             2
  3000             5
  3001             2
  3002             1
  3003             5
  3004             2
  3005             1
  3006             3
  3007             1
  3008             9
  3009             2
  3010             6
  3011            10
  3012             5
  3013             7
  3014            13
  3015            10
  3016             8
  3017             8
  3018             7
  3019            11
  3020             5
  3021             8
  3022            12
  3023            11
  3024             6
  3025             8
  3026             8
  3027            15
  3028            12
  3029             5
  3030            11
  3031            11
  3032            11
  3033            10
  3034            10
  3035             7
  3036             9
  3037            16
  3038             9
  3039            15
  3040             7
  3041             8
  3042             9
  3043             5
  3044             4
  3045             5
  3046             2
  3047             4
  3048             6
  3049             4
  3050             4
  3051             4
  3052             2
  3053             3
  3054             0
  3055             3
  3056             2
  3057             2
  3058             4
  3059             5
  3060             0
  3061             1
  3062             3
  3063             1
  3064             1
  3065             1
  3066             1
  3067             1
  3068             0
  3069             1
  3070             2
  3071             2
  3072             1
  3073             1
  3074             0
  3075             1
  3076             0
  3077             0
  3078             0
  3079             0
  3080             0
  3081             0
  3082             0
  3083             0
  3084             0
  3085             0
  3086             0
  3087             0
  3088             0
  3089             0
  3090             0
  3091             1
  3092             0
  3093             0
  3094             0
  3095             0
  3096             0
  3097             0
  3098             0
  3099             0
  3100             0
  3101             1
  3102             0
  3103             0
  3104             0
  3105             0
  3106             0
  3107             0
  3108             0
  3109             0
  3110             1
  3111             0
  3112             0
  3113             0
  3114             0
  3115             0
  3116             0
  3117             1
  3118             0
  3119             0
  3120             0
  3121             0
  3122             0
  3123             1
  3124             0
  3125             0
  3126             0
  3127             0
  3128             0
  3129             2
  3130             0
  3131             0
  3132             0
  3133             0
  3134             0
  3135             1
  3136             0
  3137             0
  3138             0
  3139             0
  3140             0
  3141             1
  3142             0
  3143             0
  3144             0
  3145             0
  3146             0
  3147             0
  3148             0
  3149             0
  3150             0
  3151             0
  3152             0
  3153             0
  3154             0
  3155             0
  3156             0
  3157             1
  3158             0
  3159             0
  3160             0
  3161             0
  3162             0
  3163             0
  3164             0
  3165             0
  3166             2
  3167             0
  3168             0
  3169             0
  3170             0
  3171             0
  3172             0
  3173             0
  3174             0
  3175             0
  3176             0
  3177             0
  3178             0
  3179             0
  3180             0
  3181             0
  3182             0
  3183             0
  3184             0
  3185             0
  3186             0
  3187             1
  3188             1
  3189             0
  3190             0
  3191             0
  3192             0
  3193             0
  3194             0
  3195             0
  3196             0
  3197             0
  3198             0
  3199             0
  3200             1
  3201             0
  3202             0
  3203             0
  3204             1
  3205             0
  3206             0
  3207             0
  3208             0
  3209             1
  3210             0
  3211             0
  3212             0
  3213             0
  3214             0
  3215             0
  3216             1
  3217             0
  3218             0
  3219             0
  3220             0
  3221             0
  3222             0
  3223             0
  3224             0
  3225             0
  3226             0
  3227             0
  3228             0
  3229             0
  3230             0
  3231             0
  3232             0
  3233             0
  3234             0
  3235             0
  3236             0
  3237             0
  3238             0
  3239             0
  3240             0
  3241             0
  3242             0
  3243             0
  3244             0
  3245             0
  3246             0
  3247             0
  3248             0
  3249             0
  3250             0
  3251             0
  3252             0
  3253             0
  3254             0
  3255             0
  3256             0
  3257             0
  3258             0
  3259             0
  3260             0
  3261             0
  3262             0
  3263             0
  3264             0
  3265             0
  3266             0
  3267             0
  3268             0
  3269             0
  3270             0
  3271             0
  3272             0
  3273             0
  3274             0
  3275             0
  3276             0
  3277             0
  3278             0
  3279             0
  3280             0
  3281             0
  3282             0
  3283             0
  3284             0
  3285             0
  3286             0
  3287             0
  3288             0
  3289             0
  3290             0
  3291             0
  3292             0
  3293             0
  3294             0
  3295             0
  3296             0
  3297             0
  3298             0
  3299             0
  3300             0
  3301             0
  3302             0
  3303             0
  3304             0
  3305             0
  3306             0
  3307             0
  3308             0
  3309             0
  3310             0
  3311             0
  3312             0
  3313             0
  3314             0
  3315             0
  3316             0
  3317             0
  3318             0
  3319             0
  3320             0
  3321             0
  3322             2
  3323             0
  3324             0
  3325             0
  3326             0
  3327             0
  3328             0
  3329             0
  3330             0
  3331             0
  3332             0
  3333             0
  3334             0
  3335             0
  3336             0
  3337             0
  3338             0
  3339             0
  3340             0
  3341             0
  3342             0
  3343             0
  3344             0
  3345             0
  3346             0
  3347             0
  3348             0
  3349             0
  3350             1
  3351             0
  3352             0
  3353             0
  3354             0
  3355             0
  3356             0
  3357             0
  3358             0
  3359             0
  3360             0
  3361             0
  3362             0
  3363             0
  3364             1
  3365             0
  3366             0
  3367             0
  3368             0
  3369             0
  3370             0
  3371             0
  3372             0
  3373             0
  3374             0
  3375             0
  3376             0
  3377             0
  3378             0
  3379             0
  3380             0
  3381             0
  3382             0
  3383             0
  3384             0
  3385             0
  3386             0
  3387             0
  3388             0
  3389             0
  3390             0
  3391             0
  3392             0
  3393             0
  3394             0
  3395             0
  3396             0
  3397             0
  3398             0
  3399             0
  3400             0
  3401             0
  3402             0
  3403             0
  3404             0
  3405             0
  3406             0
  3407             0
  3408             0
  3409             0
  3410             0
  3411             0
  3412             0
  3413             0
  3414             0
  3415             0
  3416             0
  3417             0
  3418             0
  3419             0
  3420             0
  3421             0
  3422             0
  3423             0
  3424             0
  3425             0
  3426             0
  3427             0
  3428             0
  3429             0
  3430             0
  3431             0
  3432             1
  3433             0
  3434             0
  3435             0
  3436             0
  3437             0
  3438             0
  3439             0
  3440             0
  3441             0
  3442             0
  3443             0
  3444             0
  3445             0
  3446             0
  3447             0
  3448             0
  3449             0
  3450             0
  3451             0
  3452             0
  3453             0
  3454             0
  3455             0
  3456             0
  3457             0
  3458             0
  3459             0
  3460             1
  3461             0
  3462             0
  3463             0
  3464             0
  3465             0
  3466             0
  3467             1
  3468             0
  3469             0
  3470             0
  3471             0
  3472             0
  3473             0
  3474             0
  3475             0
  3476             0
  3477             0
  3478             0
  3479             0
  3480             0
  3481             0
  3482             0
  3483             0
  3484             0
  3485             0
  3486             0
  3487             0
  3488             0
  3489             0
  3490             0
  3491             0
  3492             0
  3493             0
  3494             0
  3495             0
  3496             0
  3497             0
  3498             0
  3499             0
  3500             0
  3501             0
  3502             0
  3503             0
  3504             0
  3505             0
  3506             0
  3507             0
  3508             0
  3509             0
  3510             0
  3511             0
  3512             0
  3513             0
  3514             0
  3515             0
  3516             0
  3517             0
  3518             0
  3519             0
  3520             0
  3521             0
  3522             0
  3523             0
  3524             0
  3525             0
  3526             0
  3527             0
  3528             0
  3529             0
  3530             0
  3531             0
  3532             0
  3533             0
  3534             0
  3535             0
  3536             0
  3537             0
  3538             0
  3539             0
  3540             0
  3541             0
  3542             0
  3543             0
  3544             0
  3545             0
  3546             0
  3547             0
  3548             0
  3549             0
  3550             0
  3551             0
  3552             0
  3553             0
  3554             0
  3555             0
  3556             0
  3557             0
  3558             0
  3559             0
  3560             0
  3561             0
  3562             0
  3563             0
  3564             0
  3565             0
  3566             0
  3567             0
  3568             0
  3569             0
  3570             0
  3571             0
  3572             0
  3573             0
  3574             0
  3575             0
  3576             0
  3577             0
  3578             0
  3579             0
  3580             0
  3581             0
  3582             0
  3583             0
  3584             0
  3585             0
  3586             0
  3587             0
  3588             0
  3589             0
  3590             0
  3591             0
  3592             0
  3593             0
  3594             0
  3595             0
  3596             0
  3597             0
  3598             0
  3599             0
  3600             0
  3601             0
  3602             0
  3603             0
  3604             0
  3605             0
  3606             0
  3607             0
  3608             0
  3609             0
  3610             0
  3611             0
  3612             0
  3613             0
  3614             0
  3615             0
  3616             0
  3617             0
  3618             0
  3619             0
  3620             0
  3621             0
  3622             0
  3623             0
  3624             0
  3625             0
  3626             0
  3627             0
  3628             0
  3629             0
  3630             0
  3631             0
  3632             0
  3633             0
  3634             0
  3635             0
  3636             0
  3637             0
  3638             0
  3639             0
  3640             0
  3641             0
  3642             0
  3643             0
  3644             0
  3645             0
  3646             0
  3647             0
  3648             0
  3649             1
  3650             0
  3651             0
  3652             0
  3653             0
  3654             0
  3655             0
  3656             0
  3657             0
  3658             0
  3659             0
  3660             0
  3661             0
  3662             0
  3663             0
  3664             0
  3665             0
  3666             0
  3667             0
  3668             0
  3669             0
  3670             0
  3671             0
  3672             0
  3673             0
  3674             0
  3675             0
  3676             0
  3677             0
  3678             0
  3679             0
  3680             0
  3681             0
  3682             0
  3683             0
  3684             0
  3685             0
  3686             0
  3687             0
  3688             0
  3689             0
  3690             0
  3691             0
  3692             0
  3693             0
  3694             0
  3695             0
  3696             0
  3697             0
  3698             0
  3699             0
  3700             0
  3701             0
  3702             0
  3703             0
  3704             0
  3705             0
  3706             0
  3707             0
  3708             0
  3709             0
  3710             0
  3711             0
  3712             0
  3713             0
  3714             0
  3715             0
  3716             0
  3717             0
  3718             0
  3719             0
  3720             0
  3721             0
  3722             0
  3723             0
  3724             0
  3725             0
  3726             0
  3727             0
  3728             0
  3729             0
  3730             0
  3731             0
  3732             0
  3733             0
  3734             0
  3735             0
  3736             0
  3737             0
  3738             0
  3739             0
  3740             0
  3741             0
  3742             0
  3743             0
  3744             0
  3745             1
  3746             0
  3747             0
  3748             0
  3749             0
  3750             0
  3751             0
  3752             0
  3753             0
  3754             0
  3755             0
  3756             0
  3757             0
  3758             0
  3759             0
  3760             0
  3761             0
  3762             0
  3763             0
  3764             0
  3765             0
  3766             0
  3767             0
  3768             0
  3769             0
  3770             0
  3771             0
  3772             0
  3773             0
  3774             0
  3775             0
  3776             0
  3777             0
  3778             0
  3779             0
  3780             0
  3781             0
  3782             0
  3783             0
  3784             0
  3785             0
  3786             0
  3787             0
  3788             0
  3789             0
  3790             0
  3791             0
  3792             0
  3793             0
  3794             0
  3795             0
  3796             0
  3797             0
  3798             0
  3799             0
  3800             0
  3801             0
  3802             0
  3803             0
  3804             0
  3805             0
  3806             0
  3807             0
  3808             0
  3809             0
  3810             0
  3811             0
  3812             0
  3813             0
  3814             0
  3815             0
  3816             0
  3817             0
  3818             0
  3819             0
  3820             0
  3821             0
  3822             0
  3823             0
  3824             0
  3825             0
  3826             0
  3827             0
  3828             0
  3829             0
  3830             0
  3831             0
  3832             0
  3833             0
  3834             0
  3835             0
  3836             0
  3837             0
  3838             0
  3839             0
  3840             0
  3841             0
  3842             0
  3843             0
  3844             0
  3845             0
  3846             0
  3847             0
  3848             0
  3849             0
  3850             0
  3851             0
  3852             0
  3853             0
  3854             0
  3855             0
  3856             0
  3857             0
  3858             0
  3859             0
  3860             0
  3861             0
  3862             0
  3863             0
  3864             0
  3865             0
  3866             0
  3867             0
  3868             0
  3869             0
  3870             0
  3871             0
  3872             0
  3873             0
  3874             0
  3875             0
  3876             0
  3877             0
  3878             0
  3879             0
  3880             0
  3881             0
  3882             0
  3883             0
  3884             0
  3885             0
  3886             0
  3887             0
  3888             0
  3889             0
  3890             0
  3891             0
  3892             0
  3893             0
  3894             0
  3895             0
  3896             0
  3897             0
  3898             0
  3899             0
  3900             0
  3901             0
  3902             0
  3903             0
  3904             0
  3905             0
  3906             0
  3907             0
  3908             1
  3909             0
  3910             0
  3911             0
  3912             0
  3913             0
  3914             0
  3915             0
  3916             0
  3917             0
  3918             0
  3919             0
  3920             0
  3921             0
  3922             0
  3923             0
  3924             0
  3925             0
  3926             0
  3927             0
  3928             0
  3929             0
  3930             0
  3931             0
  3932             0
  3933             0
  3934             0
  3935             0
  3936             0
  3937             0
  3938             0
  3939             0
  3940             0
  3941             0
  3942             0
  3943             0
  3944             0
  3945             0
  3946             0
  3947             0
  3948             0
  3949             0
  3950             0
  3951             0
  3952             0
  3953             0
  3954             0
  3955             0
  3956             0
  3957             0
  3958             0
  3959             0
  3960             0
  3961             0
  3962             0
  3963             0
  3964             0
  3965             0
  3966             0
  3967             0
  3968             0
  3969             0
  3970             0
  3971             0
  3972             0
  3973             0
  3974             0
  3975             0
  3976             0
  3977             0
  3978             0
  3979             0
  3980             0
  3981             0
  3982             0
  3983             0
  3984             0
  3985             0
  3986             0
  3987             0
  3988             0
  3989             0
  3990             0
  3991             0
  3992             0
  3993             0
  3994             0
  3995             0
  3996             0
  3997             0
  3998             0
  3999             0
  4000             0
  4001             0
  4002             0
  4003             0
  4004             0
  4005             0
  4006             0
  4007             0
  4008             0
  4009             0
  4010             0
  4011             0
  4012             0
  4013             0
  4014             0
  4015             0
  4016             0
  4017             0
  4018             0
  4019             0
  4020             0
  4021             0
  4022             0
  4023             0
  4024             0
  4025             0
  4026             0
  4027             0
  4028             0
  4029             0
  4030             0
  4031             0
  4032             0
  4033             0
  4034             0
  4035             0
  4036             0
  4037             0
  4038             0
  4039             0
  4040             1
  4041             0
  4042             0
  4043             0
  4044             0
  4045             0
  4046             0
  4047             0
  4048             0
  4049             0
  4050             0
  4051             0
  4052             0
  4053             0
  4054             0
  4055             0
  4056             0
  4057             0
  4058             0
  4059             0
  4060             0
  4061             0
  4062             0
  4063             0
  4064             0
  4065             0
  4066             0
  4067             0
  4068             0
  4069             0
  4070             0
  4071             0
  4072             0
  4073             0
  4074             0
  4075             0
  4076             0
  4077             0
  4078             0
  4079             0
  4080             0
  4081             0
  4082             0
  4083             0
  4084             0
  4085             0
  4086             0
  4087             0
  4088             0
  4089             0
  4090             0
  4091             0
  4092             0
  4093             0
  4094             0
  4095             0
