     0             0
     1             0
     2             0
     3             0
     4             0
     5             0
     6             0
     7             0
     8             0
     9             0
    10             0
    11             0
    12             0
    13             0
    14             0
    15             0
    16             0
    17             0
    18             0
    19             0
    20             0
    21             0
    22             0
    23             0
    24             0
    25             0
    26             0
    27             0
    28             0
    29             0
    30             0
    31             0
    32             0
    33             0
    34             0
    35             0
    36             0
    37             0
    38             0
    39             0
    40             0
    41             0
    42             0
    43             0
    44             0
    45             0
    46             0
    47             0
    48             0
    49             0
    50             0
    51             0
    52             0
    53             0
    54             0
    55             0
    56             0
    57             0
    58             0
    59             0
    60             0
    61             0
    62             0
    63             0
    64             0
    65             0
    66             0
    67             0
    68             0
    69             0
    70             0
    71             0
    72             0
    73             0
    74             0
    75             0
    76             0
    77             0
    78             0
    79             0
    80             0
    81             0
    82             0
    83             0
    84             0
    85             0
    86             0
    87             0
    88             0
    89             0
    90             0
    91             0
    92             0
    93             0
    94             0
    95             0
    96             0
    97             0
    98             0
    99             0
   100             0
   101             0
   102             0
   103             0
   104             0
   105             0
   106             0
   107             0
   108             0
   109             0
   110             0
   111             0
   112             0
   113             0
   114             0
   115             0
   116             0
   117             0
   118             0
   119             0
   120             0
   121             0
   122             0
   123             0
   124             0
   125             0
   126             0
   127             0
   128             0
   129             0
   130             0
   131             0
   132             0
   133             0
   134             0
   135             0
   136             0
   137             0
   138             0
   139             0
   140             0
   141             0
   142             0
   143             0
   144             0
   145             0
   146             0
   147             0
   148             0
   149             0
   150             0
   151             0
   152             0
   153             0
   154             0
   155             0
   156             0
   157             0
   158             0
   159             0
   160             0
   161             0
   162             0
   163             0
   164             0
   165             0
   166             0
   167             0
   168             0
   169             0
   170             0
   171             0
   172             0
   173             0
   174             0
   175             0
   176             0
   177             0
   178             0
   179             0
   180             0
   181             0
   182             0
   183             0
   184             0
   185             0
   186             0
   187             0
   188             0
   189             0
   190             0
   191             0
   192             0
   193             0
   194             0
   195             0
   196             0
   197             0
   198             0
   199             0
   200             0
   201             0
   202             0
   203             0
   204             0
   205             0
   206             0
   207             0
   208             0
   209             0
   210             0
   211             0
   212             0
   213             0
   214             0
   215             0
   216             0
   217             0
   218             0
   219             0
   220             0
   221             0
   222             0
   223             0
   224             0
   225             0
   226             0
   227             0
   228             0
   229             0
   230             0
   231             0
   232             0
   233             0
   234             0
   235             0
   236             0
   237             0
   238             0
   239             0
   240             0
   241             0
   242             0
   243             0
   244             0
   245             0
   246             0
   247             0
   248             0
   249             0
   250             0
   251             0
   252             0
   253             0
   254             0
   255             0
   256             0
   257             0
   258             0
   259             0
   260             0
   261             0
   262             0
   263             0
   264             0
   265             0
   266             0
   267             0
   268             0
   269             0
   270             0
   271             0
   272             0
   273             0
   274             0
   275             0
   276             0
   277             0
   278             0
   279             0
   280             0
   281             0
   282             0
   283             0
   284             0
   285             0
   286             0
   287             0
   288             0
   289             0
   290             0
   291             0
   292             0
   293             0
   294             0
   295             0
   296             0
   297             0
   298             0
   299             0
   300             0
   301             0
   302             0
   303             0
   304             0
   305             0
   306             0
   307             0
   308             0
   309             0
   310             0
   311             0
   312             0
   313             0
   314             0
   315             0
   316             0
   317             0
   318             0
   319             0
   320             0
   321             0
   322             0
   323             0
   324             0
   325             0
   326             0
   327             0
   328             0
   329             0
   330             0
   331             0
   332             0
   333             0
   334             0
   335             0
   336             0
   337             0
   338             0
   339             0
   340             0
   341             0
   342             0
   343             0
   344             0
   345             0
   346             0
   347             0
   348             0
   349             0
   350             0
   351             0
   352             0
   353             0
   354             0
   355             0
   356             0
   357             0
   358             0
   359             0
   360             0
   361             0
   362             0
   363             0
   364             0
   365             0
   366             0
   367             0
   368             0
   369             0
   370             0
   371             0
   372             0
   373             0
   374             0
   375             0
   376             0
   377             0
   378             0
   379             0
   380             0
   381             0
   382             0
   383             0
   384             0
   385             0
   386             0
   387             0
   388             0
   389             0
   390             0
   391             0
   392             0
   393             0
   394             0
   395             0
   396             0
   397             0
   398             0
   399             0
   400             0
   401             0
   402             0
   403             0
   404             0
   405             0
   406             0
   407             0
   408             0
   409             0
   410             0
   411             0
   412             0
   413             0
   414             0
   415             0
   416             0
   417             0
   418             0
   419             0
   420             0
   421             0
   422             0
   423             0
   424             0
   425             0
   426             0
   427             0
   428             0
   429             0
   430             0
   431             0
   432             0
   433             0
   434             0
   435             0
   436             0
   437             0
   438             0
   439             0
   440             0
   441             0
   442             0
   443             0
   444             0
   445             0
   446             0
   447             0
   448             0
   449             0
   450             0
   451             0
   452             0
   453             0
   454             0
   455             0
   456             0
   457             0
   458             0
   459             0
   460             0
   461             0
   462             0
   463             0
   464             0
   465             0
   466             0
   467             0
   468             0
   469             0
   470             0
   471             0
   472             0
   473             0
   474             0
   475             0
   476             0
   477             0
   478             0
   479             0
   480             0
   481             0
   482             0
   483             0
   484             0
   485             0
   486             0
   487             0
   488             0
   489             0
   490             0
   491             0
   492             0
   493             0
   494             0
   495             0
   496             0
   497             0
   498             0
   499             0
   500             2
   501             0
   502             1
   503             0
   504             0
   505             1
   506             0
   507             0
   508             0
   509             1
   510             0
   511             0
   512             0
   513             1
   514             0
   515             1
   516             0
   517             1
   518             0
   519             0
   520             1
   521             1
   522             0
   523             0
   524             1
   525             0
   526             2
   527             2
   528             0
   529             0
   530             0
   531             1
   532             0
   533             0
   534             2
   535             0
   536             0
   537             2
   538             0
   539             0
   540             1
   541             0
   542             0
   543             0
   544             0
   545             0
   546             0
   547             1
   548             0
   549             0
   550             0
   551             0
   552             2
   553             0
   554             1
   555             1
   556             0
   557             1
   558             0
   559             2
   560             0
   561             1
   562             1
   563             0
   564             0
   565             1
   566             1
   567             0
   568             0
   569             3
   570             0
   571             1
   572             0
   573             1
   574             1
   575             1
   576             0
   577             0
   578             1
   579             1
   580             2
   581             0
   582             0
   583             1
   584             0
   585             2
   586             0
   587             0
   588             0
   589             0
   590             0
   591             0
   592             1
   593             2
   594             1
   595             0
   596             0
   597             0
   598             0
   599             0
   600             2
   601             1
   602             2
   603             0
   604             1
   605             1
   606             0
   607             3
   608             2
   609             0
   610             0
   611             0
   612             1
   613             0
   614             0
   615             2
   616             2
   617             0
   618             1
   619             0
   620             0
   621             0
   622             0
   623             0
   624             1
   625             0
   626             1
   627             2
   628             0
   629             1
   630             1
   631             0
   632             3
   633             0
   634             1
   635             1
   636             4
   637             0
   638             0
   639             1
   640             1
   641             1
   642             0
   643             2
   644             0
   645             0
   646             0
   647             2
   648             0
   649             1
   650             1
   651             2
   652             0
   653             1
   654             1
   655             1
   656             0
   657             2
   658             2
   659             1
   660             0
   661             0
   662             0
   663             0
   664             3
   665             1
   666             0
   667             0
   668             1
   669             0
   670             1
   671             1
   672             0
   673             2
   674             0
   675             2
   676             1
   677             2
   678             0
   679             1
   680             0
   681             1
   682             0
   683             2
   684             0
   685             0
   686             2
   687             0
   688             2
   689             0
   690             0
   691             0
   692             0
   693             0
   694             1
   695             2
   696             0
   697             1
   698             0
   699             0
   700             1
   701             0
   702             0
   703             0
   704             0
   705             0
   706             0
   707             0
   708             0
   709             2
   710             2
   711             0
   712             3
   713             0
   714             1
   715             0
   716             0
   717             0
   718             1
   719             0
   720             0
   721             0
   722             0
   723             0
   724             3
   725             0
   726             0
   727             0
   728             2
   729             1
   730             1
   731             3
   732             1
   733             0
   734             0
   735             1
   736             0
   737             0
   738             0
   739             2
   740             2
   741             1
   742             0
   743             1
   744             0
   745             0
   746             0
   747             0
   748             1
   749             0
   750             0
   751             1
   752             0
   753             0
   754             1
   755             0
   756             1
   757             0
   758             1
   759             2
   760             0
   761             1
   762             0
   763             1
   764             0
   765             1
   766             2
   767             0
   768             0
   769             0
   770             2
   771             1
   772             1
   773             0
   774             2
   775             1
   776             0
   777             1
   778             0
   779             2
   780             0
   781             0
   782             0
   783             0
   784             0
   785             2
   786             1
   787             1
   788             1
   789             2
   790             0
   791             0
   792             2
   793             1
   794             1
   795             1
   796             1
   797             1
   798             1
   799             2
   800             0
   801             1
   802             1
   803             0
   804             1
   805             1
   806             0
   807             0
   808             0
   809             0
   810             1
   811             0
   812             0
   813             0
   814             0
   815             2
   816             0
   817             1
   818             0
   819             1
   820             3
   821             1
   822             1
   823             1
   824             0
   825             1
   826             1
   827             1
   828             0
   829             2
   830             1
   831             1
   832             1
   833             1
   834             1
   835             1
   836             0
   837             1
   838             0
   839             1
   840             1
   841             0
   842             0
   843             0
   844             0
   845             2
   846             1
   847             0
   848             2
   849             0
   850             1
   851             1
   852             1
   853             0
   854             0
   855             1
   856             1
   857             1
   858             1
   859             2
   860             1
   861             0
   862             0
   863             0
   864             0
   865             0
   866             1
   867             2
   868             0
   869             2
   870             1
   871             1
   872             0
   873             1
   874             0
   875             0
   876             0
   877             0
   878             0
   879             1
   880             1
   881             1
   882             1
   883             0
   884             0
   885             0
   886             1
   887             0
   888             0
   889             0
   890             1
   891             1
   892             0
   893             1
   894             0
   895             2
   896             2
   897             1
   898             0
   899             0
   900             0
   901             1
   902             1
   903             2
   904             2
   905             0
   906             0
   907             1
   908             1
   909             1
   910             0
   911             1
   912             0
   913             0
   914             0
   915             0
   916             2
   917             0
   918             1
   919             0
   920             1
   921             0
   922             0
   923             1
   924             1
   925             0
   926             0
   927             1
   928             1
   929             2
   930             1
   931             0
   932             1
   933             1
   934             1
   935             0
   936             0
   937             0
   938             0
   939             2
   940             1
   941             0
   942             1
   943             0
   944             1
   945             1
   946             0
   947             0
   948             0
   949             0
   950             1
   951             1
   952             1
   953             1
   954             2
   955             0
   956             0
   957             1
   958             1
   959             2
   960             4
   961             2
   962             0
   963             0
   964             1
   965             1
   966             0
   967             2
   968             1
   969             0
   970             0
   971             2
   972             0
   973             0
   974             0
   975             0
   976             0
   977             1
   978             1
   979             0
   980             0
   981             1
   982             2
   983             0
   984             1
   985             1
   986             0
   987             2
   988             0
   989             3
   990             2
   991             0
   992             0
   993             0
   994             0
   995             1
   996             1
   997             1
   998             1
   999             3
  1000             0
  1001             3
  1002             1
  1003             1
  1004             0
  1005             1
  1006             1
  1007             2
  1008             0
  1009             1
  1010             2
  1011             0
  1012             2
  1013             1
  1014             2
  1015             0
  1016             2
  1017             1
  1018             3
  1019             1
  1020             0
  1021             1
  1022             1
  1023             1
  1024             2
  1025             0
  1026             1
  1027             0
  1028             1
  1029             0
  1030             2
  1031             0
  1032             1
  1033             0
  1034             1
  1035             2
  1036             1
  1037             0
  1038             1
  1039             1
  1040             2
  1041             0
  1042             1
  1043             0
  1044             0
  1045             0
  1046             0
  1047             1
  1048             1
  1049             1
  1050             1
  1051             0
  1052             0
  1053             0
  1054             1
  1055             1
  1056             0
  1057             0
  1058             2
  1059             0
  1060             0
  1061             0
  1062             1
  1063             0
  1064             0
  1065             1
  1066             1
  1067             0
  1068             2
  1069             1
  1070             1
  1071             0
  1072             1
  1073             2
  1074             0
  1075             2
  1076             1
  1077             1
  1078             1
  1079             0
  1080             0
  1081             1
  1082             0
  1083             0
  1084             1
  1085             1
  1086             0
  1087             1
  1088             1
  1089             0
  1090             1
  1091             0
  1092             0
  1093             2
  1094             2
  1095             1
  1096             2
  1097             2
  1098             1
  1099             3
  1100             2
  1101             0
  1102             1
  1103             1
  1104             1
  1105             1
  1106             2
  1107             0
  1108             0
  1109             3
  1110             1
  1111             2
  1112             1
  1113             3
  1114             0
  1115             2
  1116             0
  1117             3
  1118             0
  1119             2
  1120             0
  1121             1
  1122             0
  1123             0
  1124             0
  1125             0
  1126             1
  1127             0
  1128             0
  1129             0
  1130             1
  1131             3
  1132             2
  1133             0
  1134             1
  1135             1
  1136             1
  1137             1
  1138             0
  1139             0
  1140             2
  1141             2
  1142             1
  1143             1
  1144             0
  1145             1
  1146             0
  1147             1
  1148             2
  1149             1
  1150             0
  1151             3
  1152             0
  1153             2
  1154             2
  1155             2
  1156             2
  1157             2
  1158             0
  1159             0
  1160             0
  1161             1
  1162             4
  1163             1
  1164             2
  1165             1
  1166             0
  1167             3
  1168             2
  1169             0
  1170             0
  1171             0
  1172             0
  1173             0
  1174             1
  1175             0
  1176             2
  1177             3
  1178             1
  1179             1
  1180             3
  1181             0
  1182             0
  1183             1
  1184             2
  1185             0
  1186             1
  1187             1
  1188             0
  1189             4
  1190             3
  1191             1
  1192             0
  1193             1
  1194             1
  1195             0
  1196             0
  1197             1
  1198             2
  1199             1
  1200             2
  1201             0
  1202             0
  1203             1
  1204             0
  1205             0
  1206             3
  1207             3
  1208             2
  1209             2
  1210             2
  1211             0
  1212             2
  1213             1
  1214             2
  1215             0
  1216             3
  1217             0
  1218             2
  1219             2
  1220             1
  1221             1
  1222             1
  1223             2
  1224             2
  1225             2
  1226             1
  1227             1
  1228             0
  1229             2
  1230             2
  1231             3
  1232             0
  1233             2
  1234             0
  1235             0
  1236             0
  1237             0
  1238             5
  1239             0
  1240             4
  1241             3
  1242             0
  1243             0
  1244             2
  1245             0
  1246             2
  1247             3
  1248             3
  1249             2
  1250             1
  1251             6
  1252             3
  1253             3
  1254             3
  1255             5
  1256             2
  1257             1
  1258             1
  1259             2
  1260             2
  1261             2
  1262             2
  1263             4
  1264             3
  1265             1
  1266             3
  1267             2
  1268             5
  1269             2
  1270             0
  1271             3
  1272             5
  1273             2
  1274             0
  1275             0
  1276             3
  1277             4
  1278             2
  1279             2
  1280             3
  1281             1
  1282             2
  1283             1
  1284             1
  1285             4
  1286             1
  1287             2
  1288             1
  1289             3
  1290             3
  1291             2
  1292             0
  1293             1
  1294             2
  1295             2
  1296             0
  1297             4
  1298             3
  1299             1
  1300             3
  1301             1
  1302             3
  1303             2
  1304             2
  1305             5
  1306             5
  1307             1
  1308             5
  1309             1
  1310             2
  1311             5
  1312             0
  1313             6
  1314             1
  1315             6
  1316             3
  1317             2
  1318             1
  1319             2
  1320             1
  1321             2
  1322             2
  1323             4
  1324             1
  1325             3
  1326             3
  1327             4
  1328             3
  1329             1
  1330             2
  1331             3
  1332             1
  1333             4
  1334             6
  1335             3
  1336             4
  1337             6
  1338             5
  1339             5
  1340             6
  1341             4
  1342             8
  1343             7
  1344             3
  1345             4
  1346             3
  1347             4
  1348             3
  1349             7
  1350             8
  1351             4
  1352             2
  1353             4
  1354             2
  1355             6
  1356             7
  1357             3
  1358             3
  1359             6
  1360            10
  1361             3
  1362             5
  1363             6
  1364             7
  1365             7
  1366             6
  1367             5
  1368            11
  1369             6
  1370             9
  1371             9
  1372             6
  1373             9
  1374             9
  1375             4
  1376             8
  1377             6
  1378             5
  1379            11
  1380             9
  1381             7
  1382            11
  1383             7
  1384            12
  1385             5
  1386             9
  1387             9
  1388             5
  1389            11
  1390             8
  1391             9
  1392            10
  1393            15
  1394            14
  1395             9
  1396            13
  1397            12
  1398            14
  1399            12
  1400            12
  1401            16
  1402            10
  1403            12
  1404            10
  1405            13
  1406            22
  1407            18
  1408             8
  1409            13
  1410            13
  1411            15
  1412             6
  1413            14
  1414            19
  1415            11
  1416            18
  1417            19
  1418            22
  1419            21
  1420            26
  1421            28
  1422            11
  1423            24
  1424            34
  1425            23
  1426            31
  1427            42
  1428            30
  1429            28
  1430            28
  1431            35
  1432            42
  1433            33
  1434            51
  1435            61
  1436            39
  1437            56
  1438            62
  1439            45
  1440            61
  1441            79
  1442            64
  1443            83
  1444            80
  1445            97
  1446            95
  1447            86
  1448            98
  1449           108
  1450           102
  1451           125
  1452           114
  1453           120
  1454           123
  1455           143
  1456           154
  1457           174
  1458           143
  1459           164
  1460           174
  1461           179
  1462           194
  1463           208
  1464           196
  1465           173
  1466           211
  1467           220
  1468           238
  1469           242
  1470           242
  1471           208
  1472           233
  1473           223
  1474           261
  1475           263
  1476           257
  1477           245
  1478           265
  1479           258
  1480           272
  1481           241
  1482           290
  1483           247
  1484           275
  1485           259
  1486           251
  1487           242
  1488           269
  1489           245
  1490           228
  1491           246
  1492           221
  1493           225
  1494           231
  1495           216
  1496           218
  1497           200
  1498           213
  1499           188
  1500           182
  1501           175
  1502           155
  1503           141
  1504           177
  1505           152
  1506           130
  1507           124
  1508           124
  1509           135
  1510           111
  1511            99
  1512           104
  1513            88
  1514            87
  1515            86
  1516            91
  1517            95
  1518            80
  1519            69
  1520            61
  1521            50
  1522            55
  1523            58
  1524            42
  1525            54
  1526            36
  1527            41
  1528            42
  1529            46
  1530            29
  1531            33
  1532            38
  1533            33
  1534            22
  1535            30
  1536            28
  1537            24
  1538            34
  1539            29
  1540            25
  1541            20
  1542            12
  1543            24
  1544            22
  1545            24
  1546            19
  1547            16
  1548            25
  1549            26
  1550            14
  1551            15
  1552            31
  1553            19
  1554            24
  1555            26
  1556            34
  1557            24
  1558            26
  1559            36
  1560            27
  1561            30
  1562            28
  1563            25
  1564            35
  1565            37
  1566            42
  1567            31
  1568            41
  1569            38
  1570            52
  1571            43
  1572            48
  1573            54
  1574            53
  1575            63
  1576            65
  1577            77
  1578            81
  1579            68
  1580            73
  1581            67
  1582            76
  1583           108
  1584           110
  1585           112
  1586           103
  1587           117
  1588           112
  1589           112
  1590           130
  1591           138
  1592           157
  1593           144
  1594           155
  1595           145
  1596           142
  1597           176
  1598           176
  1599           179
  1600           202
  1601           193
  1602           182
  1603           203
  1604           195
  1605           189
  1606           209
  1607           217
  1608           227
  1609           220
  1610           186
  1611           222
  1612           237
  1613           220
  1614           216
  1615           216
  1616           230
  1617           221
  1618           224
  1619           217
  1620           229
  1621           210
  1622           197
  1623           212
  1624           216
  1625           191
  1626           205
  1627           203
  1628           194
  1629           169
  1630           168
  1631           181
  1632           179
  1633           151
  1634           173
  1635           156
  1636           135
  1637           127
  1638           117
  1639           128
  1640           135
  1641            93
  1642            98
  1643            87
  1644            97
  1645           120
  1646            93
  1647            96
  1648            81
  1649            89
  1650            71
  1651            65
  1652            64
  1653            67
  1654            67
  1655            61
  1656            62
  1657            61
  1658            55
  1659            59
  1660            47
  1661            47
  1662            48
  1663            46
  1664            38
  1665            49
  1666            43
  1667            43
  1668            41
  1669            53
  1670            33
  1671            45
  1672            36
  1673            43
  1674            38
  1675            41
  1676            39
  1677            36
  1678            38
  1679            43
  1680            40
  1681            35
  1682            32
  1683            35
  1684            41
  1685            43
  1686            39
  1687            46
  1688            39
  1689            43
  1690            41
  1691            43
  1692            55
  1693            35
  1694            63
  1695            51
  1696            44
  1697            59
  1698            64
  1699            58
  1700            59
  1701            71
  1702            60
  1703            72
  1704            61
  1705            67
  1706            70
  1707            89
  1708            76
  1709            87
  1710            93
  1711           101
  1712           109
  1713            98
  1714            99
  1715            92
  1716           106
  1717           115
  1718           129
  1719           137
  1720           136
  1721           139
  1722           165
  1723           152
  1724           160
  1725           163
  1726           167
  1727           192
  1728           187
  1729           193
  1730           207
  1731           172
  1732           218
  1733           219
  1734           242
  1735           232
  1736           228
  1737           234
  1738           240
  1739           247
  1740           272
  1741           272
  1742           263
  1743           259
  1744           292
  1745           289
  1746           285
  1747           283
  1748           298
  1749           287
  1750           288
  1751           282
  1752           261
  1753           295
  1754           322
  1755           281
  1756           284
  1757           240
  1758           293
  1759           270
  1760           273
  1761           260
  1762           229
  1763           247
  1764           233
  1765           222
  1766           224
  1767           233
  1768           221
  1769           181
  1770           194
  1771           178
  1772           180
  1773           171
  1774           149
  1775           155
  1776           133
  1777           144
  1778           120
  1779           123
  1780           114
  1781           105
  1782            85
  1783            95
  1784            91
  1785            90
  1786            89
  1787            79
  1788            82
  1789            72
  1790            64
  1791            64
  1792            59
  1793            57
  1794            47
  1795            43
  1796            41
  1797            31
  1798            35
  1799            32
  1800            38
  1801            31
  1802            28
  1803            25
  1804            32
  1805            26
  1806            21
  1807            16
  1808            21
  1809            28
  1810            12
  1811            23
  1812            18
  1813            19
  1814            19
  1815            14
  1816            24
  1817            22
  1818            19
  1819            18
  1820            18
  1821            14
  1822            17
  1823            15
  1824            22
  1825            16
  1826            17
  1827            13
  1828            10
  1829            18
  1830            21
  1831            12
  1832            16
  1833            16
  1834            14
  1835            14
  1836            11
  1837            15
  1838             9
  1839            22
  1840            10
  1841            12
  1842            13
  1843            18
  1844            17
  1845            18
  1846            10
  1847            10
  1848            17
  1849            10
  1850             9
  1851             9
  1852             7
  1853            10
  1854            11
  1855            12
  1856             8
  1857             5
  1858             8
  1859             8
  1860             8
  1861             4
  1862             5
  1863             8
  1864             6
  1865             9
  1866             8
  1867             5
  1868             4
  1869             5
  1870             2
  1871             3
  1872             1
  1873             2
  1874             4
  1875             5
  1876             5
  1877             1
  1878             0
  1879             0
  1880             3
  1881             0
  1882             0
  1883             0
  1884             2
  1885             1
  1886             1
  1887             4
  1888             2
  1889             3
  1890             0
  1891             3
  1892             0
  1893             0
  1894             2
  1895             1
  1896             2
  1897             2
  1898             2
  1899             0
  1900             1
  1901             1
  1902             0
  1903             1
  1904             2
  1905             3
  1906             0
  1907             1
  1908             0
  1909             0
  1910             0
  1911             1
  1912             3
  1913             1
  1914             1
  1915             0
  1916             0
  1917             1
  1918             1
  1919             0
  1920             0
  1921             1
  1922             1
  1923             1
  1924             0
  1925             1
  1926             0
  1927             1
  1928             0
  1929             1
  1930             1
  1931             1
  1932             1
  1933             2
  1934             2
  1935             1
  1936             1
  1937             0
  1938             2
  1939             1
  1940             0
  1941             0
  1942             0
  1943             3
  1944             2
  1945             6
  1946             2
  1947             0
  1948             3
  1949             3
  1950             2
  1951             2
  1952             2
  1953             2
  1954             3
  1955             0
  1956             3
  1957             2
  1958             3
  1959             8
  1960             2
  1961             4
  1962             2
  1963             5
  1964             2
  1965             6
  1966             8
  1967             6
  1968             4
  1969            10
  1970             5
  1971             2
  1972             1
  1973             3
  1974             5
  1975             7
  1976             1
  1977             9
  1978             5
  1979             3
  1980             1
  1981             2
  1982             5
  1983             9
  1984             3
  1985             2
  1986             2
  1987             1
  1988             2
  1989             5
  1990             3
  1991             5
  1992             5
  1993             3
  1994             5
  1995             6
  1996             1
  1997             4
  1998             2
  1999             5
  2000             2
  2001             1
  2002             4
  2003             5
  2004             3
  2005             0
  2006             1
  2007             4
  2008             3
  2009             2
  2010             5
  2011             3
  2012             5
  2013             1
  2014             3
  2015             4
  2016             2
  2017             2
  2018             4
  2019             6
  2020             3
  2021             2
  2022             6
  2023             4
  2024             2
  2025             2
  2026             2
  2027             4
  2028             2
  2029             3
  2030             6
  2031             4
  2032             1
  2033             3
  2034             1
  2035             4
  2036             5
  2037             6
  2038             6
  2039             4
  2040             6
  2041             4
  2042             4
  2043             6
  2044            10
  2045             5
  2046            11
  2047            11
  2048             3
  2049             5
  2050             9
  2051            15
  2052            11
  2053            10
  2054             7
  2055            13
  2056             9
  2057            10
  2058            11
  2059            14
  2060            13
  2061            14
  2062            15
  2063            15
  2064            20
  2065            14
  2066            17
  2067            14
  2068            15
  2069            11
  2070            11
  2071            15
  2072             9
  2073            17
  2074            18
  2075            12
  2076            14
  2077            11
  2078             9
  2079            14
  2080            15
  2081            12
  2082            11
  2083            13
  2084            14
  2085            12
  2086            19
  2087             8
  2088             6
  2089             7
  2090             8
  2091            10
  2092             1
  2093            10
  2094            13
  2095             5
  2096             9
  2097             5
  2098             5
  2099             7
  2100             6
  2101             8
  2102             5
  2103             4
  2104             4
  2105             4
  2106             3
  2107             6
  2108             1
  2109             0
  2110             4
  2111             0
  2112             1
  2113             0
  2114             0
  2115             1
  2116             0
  2117             4
  2118             1
  2119             0
  2120             1
  2121             0
  2122             2
  2123             1
  2124             1
  2125             0
  2126             0
  2127             0
  2128             2
  2129             0
  2130             0
  2131             0
  2132             0
  2133             2
  2134             1
  2135             1
  2136             0
  2137             0
  2138             0
  2139             0
  2140             0
  2141             0
  2142             0
  2143             0
  2144             0
  2145             0
  2146             1
  2147             0
  2148             0
  2149             0
  2150             0
  2151             0
  2152             1
  2153             0
  2154             0
  2155             0
  2156             1
  2157             0
  2158             1
  2159             1
  2160             0
  2161             1
  2162             1
  2163             0
  2164             1
  2165             2
  2166             0
  2167             0
  2168             1
  2169             0
  2170             0
  2171             1
  2172             1
  2173             0
  2174             1
  2175             0
  2176             1
  2177             0
  2178             0
  2179             1
  2180             0
  2181             0
  2182             1
  2183             0
  2184             0
  2185             0
  2186             1
  2187             0
  2188             0
  2189             1
  2190             0
  2191             1
  2192             0
  2193             0
  2194             1
  2195             1
  2196             0
  2197             0
  2198             1
  2199             2
  2200             0
  2201             4
  2202             2
  2203             0
  2204             2
  2205             0
  2206             0
  2207             2
  2208             0
  2209             4
  2210             1
  2211             0
  2212             3
  2213             0
  2214             2
  2215             3
  2216             6
  2217             3
  2218             1
  2219             6
  2220             1
  2221             5
  2222             4
  2223             3
  2224             5
  2225             3
  2226             4
  2227             3
  2228             5
  2229             7
  2230             5
  2231             5
  2232             6
  2233             7
  2234             3
  2235             9
  2236            10
  2237            11
  2238             9
  2239             7
  2240             9
  2241             7
  2242            13
  2243            10
  2244             8
  2245            11
  2246            11
  2247            11
  2248            16
  2249            15
  2250            16
  2251             9
  2252            16
  2253            21
  2254            12
  2255            18
  2256            19
  2257            12
  2258            11
  2259            20
  2260            12
  2261            17
  2262            12
  2263            15
  2264            19
  2265            13
  2266            11
  2267            13
  2268            13
  2269            17
  2270             8
  2271            12
  2272             7
  2273             9
  2274             8
  2275             5
  2276             8
  2277             9
  2278             5
  2279            13
  2280             8
  2281            10
  2282             4
  2283             1
  2284             5
  2285             8
  2286             5
  2287             7
  2288             4
  2289             3
  2290             3
  2291             1
  2292             4
  2293             3
  2294             1
  2295             2
  2296             2
  2297             2
  2298             1
  2299             2
  2300             1
  2301             3
  2302             1
  2303             3
  2304             4
  2305             2
  2306             1
  2307             0
  2308             0
  2309             1
  2310             0
  2311             0
  2312             0
  2313             1
  2314             2
  2315             0
  2316             1
  2317             0
  2318             0
  2319             0
  2320             0
  2321             0
  2322             0
  2323             1
  2324             0
  2325             1
  2326             0
  2327             0
  2328             0
  2329             0
  2330             0
  2331             0
  2332             0
  2333             0
  2334             0
  2335             0
  2336             0
  2337             0
  2338             0
  2339             0
  2340             1
  2341             2
  2342             0
  2343             0
  2344             1
  2345             1
  2346             0
  2347             0
  2348             0
  2349             1
  2350             0
  2351             1
  2352             0
  2353             2
  2354             4
  2355             2
  2356             0
  2357             2
  2358             3
  2359             2
  2360             1
  2361             4
  2362             4
  2363             0
  2364             0
  2365             2
  2366             3
  2367             2
  2368             3
  2369             5
  2370             2
  2371             1
  2372             0
  2373             1
  2374             0
  2375             0
  2376             2
  2377             0
  2378             3
  2379             2
  2380             3
  2381             0
  2382             2
  2383             4
  2384             1
  2385             0
  2386             1
  2387             0
  2388             1
  2389             1
  2390             0
  2391             0
  2392             0
  2393             1
  2394             1
  2395             1
  2396             0
  2397             1
  2398             0
  2399             0
  2400             1
  2401             0
  2402             0
  2403             0
  2404             0
  2405             0
  2406             1
  2407             0
  2408             0
  2409             1
  2410             0
  2411             1
  2412             0
  2413             0
  2414             0
  2415             0
  2416             1
  2417             0
  2418             0
  2419             0
  2420             0
  2421             0
  2422             0
  2423             2
  2424             0
  2425             1
  2426             0
  2427             0
  2428             0
  2429             0
  2430             0
  2431             0
  2432             0
  2433             0
  2434             0
  2435             0
  2436             0
  2437             0
  2438             0
  2439             0
  2440             0
  2441             0
  2442             0
  2443             0
  2444             0
  2445             0
  2446             0
  2447             0
  2448             0
  2449             0
  2450             0
  2451             0
  2452             0
  2453             0
  2454             0
  2455             0
  2456             0
  2457             0
  2458             0
  2459             0
  2460             0
  2461             0
  2462             0
  2463             0
  2464             0
  2465             0
  2466             0
  2467             0
  2468             0
  2469             1
  2470             0
  2471             0
  2472             0
  2473             0
  2474             1
  2475             0
  2476             0
  2477             0
  2478             0
  2479             0
  2480             1
  2481             0
  2482             0
  2483             0
  2484             0
  2485             0
  2486             0
  2487             0
  2488             0
  2489             0
  2490             0
  2491             0
  2492             0
  2493             0
  2494             0
  2495             0
  2496             0
  2497             0
  2498             0
  2499             0
  2500             1
  2501             0
  2502             0
  2503             0
  2504             0
  2505             0
  2506             0
  2507             0
  2508             0
  2509             0
  2510             0
  2511             0
  2512             0
  2513             0
  2514             0
  2515             0
  2516             0
  2517             0
  2518             1
  2519             0
  2520             0
  2521             0
  2522             0
  2523             0
  2524             0
  2525             0
  2526             0
  2527             0
  2528             0
  2529             0
  2530             0
  2531             0
  2532             0
  2533             0
  2534             0
  2535             0
  2536             0
  2537             0
  2538             0
  2539             0
  2540             0
  2541             0
  2542             0
  2543             0
  2544             0
  2545             0
  2546             0
  2547             0
  2548             1
  2549             0
  2550             0
  2551             0
  2552             0
  2553             0
  2554             1
  2555             0
  2556             0
  2557             0
  2558             0
  2559             0
  2560             0
  2561             0
  2562             1
  2563             0
  2564             1
  2565             0
  2566             0
  2567             0
  2568             0
  2569             0
  2570             0
  2571             0
  2572             0
  2573             0
  2574             0
  2575             0
  2576             0
  2577             0
  2578             0
  2579             0
  2580             0
  2581             0
  2582             0
  2583             0
  2584             0
  2585             1
  2586             0
  2587             0
  2588             0
  2589             0
  2590             0
  2591             0
  2592             0
  2593             0
  2594             0
  2595             0
  2596             0
  2597             0
  2598             0
  2599             1
  2600             0
  2601             0
  2602             0
  2603             0
  2604             0
  2605             0
  2606             0
  2607             0
  2608             0
  2609             0
  2610             0
  2611             0
  2612             0
  2613             0
  2614             0
  2615             1
  2616             1
  2617             0
  2618             1
  2619             0
  2620             0
  2621             0
  2622             0
  2623             0
  2624             0
  2625             0
  2626             0
  2627             0
  2628             0
  2629             0
  2630             0
  2631             0
  2632             0
  2633             0
  2634             0
  2635             0
  2636             0
  2637             0
  2638             0
  2639             0
  2640             0
  2641             0
  2642             0
  2643             0
  2644             0
  2645             0
  2646             0
  2647             0
  2648             0
  2649             0
  2650             0
  2651             0
  2652             0
  2653             1
  2654             0
  2655             0
  2656             0
  2657             0
  2658             0
  2659             0
  2660             0
  2661             0
  2662             0
  2663             0
  2664             0
  2665             0
  2666             0
  2667             0
  2668             0
  2669             0
  2670             0
  2671             0
  2672             0
  2673             0
  2674             0
  2675             0
  2676             0
  2677             0
  2678             0
  2679             0
  2680             0
  2681             0
  2682             0
  2683             0
  2684             0
  2685             0
  2686             0
  2687             0
  2688             1
  2689             0
  2690             0
  2691             0
  2692             0
  2693             0
  2694             0
  2695             0
  2696             0
  2697             0
  2698             0
  2699             0
  2700             0
  2701             0
  2702             1
  2703             0
  2704             0
  2705             0
  2706             0
  2707             0
  2708             0
  2709             0
  2710             0
  2711             0
  2712             0
  2713             1
  2714             0
  2715             1
  2716             0
  2717             0
  2718             0
  2719             0
  2720             0
  2721             0
  2722             0
  2723             0
  2724             0
  2725             1
  2726             0
  2727             0
  2728             0
  2729             0
  2730             0
  2731             0
  2732             0
  2733             0
  2734             0
  2735             0
  2736             0
  2737             0
  2738             0
  2739             0
  2740             0
  2741             0
  2742             0
  2743             0
  2744             0
  2745             1
  2746             0
  2747             0
  2748             0
  2749             0
  2750             0
  2751             0
  2752             0
  2753             0
  2754             0
  2755             0
  2756             0
  2757             0
  2758             0
  2759             0
  2760             0
  2761             0
  2762             0
  2763             0
  2764             0
  2765             0
  2766             0
  2767             0
  2768             0
  2769             0
  2770             0
  2771             0
  2772             0
  2773             0
  2774             0
  2775             0
  2776             0
  2777             0
  2778             0
  2779             0
  2780             0
  2781             0
  2782             0
  2783             0
  2784             0
  2785             0
  2786             0
  2787             0
  2788             0
  2789             0
  2790             0
  2791             0
  2792             0
  2793             0
  2794             0
  2795             0
  2796             1
  2797             0
  2798             0
  2799             0
  2800             0
  2801             0
  2802             0
  2803             0
  2804             1
  2805             0
  2806             0
  2807             0
  2808             0
  2809             0
  2810             0
  2811             0
  2812             0
  2813             0
  2814             0
  2815             1
  2816             0
  2817             0
  2818             0
  2819             0
  2820             0
  2821             1
  2822             2
  2823             0
  2824             0
  2825             1
  2826             1
  2827             0
  2828             0
  2829             1
  2830             0
  2831             2
  2832             1
  2833             0
  2834             0
  2835             1
  2836             1
  2837             0
  2838             1
  2839             3
  2840             1
  2841             1
  2842             1
  2843             1
  2844             1
  2845             0
  2846             1
  2847             0
  2848             1
  2849             0
  2850             3
  2851             1
  2852             2
  2853             3
  2854             2
  2855             1
  2856             4
  2857             0
  2858             1
  2859             0
  2860             1
  2861             1
  2862             2
  2863             2
  2864             1
  2865             2
  2866             0
  2867             0
  2868             3
  2869             1
  2870             1
  2871             0
  2872             0
  2873             2
  2874             1
  2875             1
  2876             1
  2877             1
  2878             0
  2879             1
  2880             1
  2881             2
  2882             1
  2883             0
  2884             0
  2885             0
  2886             0
  2887             0
  2888             1
  2889             2
  2890             0
  2891             0
  2892             0
  2893             1
  2894             0
  2895             0
  2896             0
  2897             0
  2898             0
  2899             0
  2900             1
  2901             0
  2902             0
  2903             0
  2904             0
  2905             0
  2906             0
  2907             0
  2908             0
  2909             1
  2910             0
  2911             0
  2912             0
  2913             0
  2914             0
  2915             0
  2916             0
  2917             1
  2918             0
  2919             1
  2920             1
  2921             0
  2922             0
  2923             1
  2924             0
  2925             0
  2926             1
  2927             0
  2928             0
  2929             0
  2930             0
  2931             0
  2932             0
  2933             1
  2934             0
  2935             0
  2936             1
  2937             0
  2938             0
  2939             1
  2940             0
  2941             0
  2942             1
  2943             2
  2944             2
  2945             1
  2946             1
  2947             1
  2948             2
  2949             1
  2950             0
  2951             1
  2952             3
  2953             1
  2954             0
  2955             1
  2956             1
  2957             2
  2958             1
  2959             1
  2960             0
  2961             4
  2962             1
  2963             3
  2964             4
  2965             1
  2966             1
  2967             3
  2968             4
  2969             3
  2970             5
  2971             3
  2972             4
  2973             3
  2974             1
  2975             4
  2976             4
  2977             1
  2978             0
  2979             3
  2980             3
  2981             4
  2982             4
  2983             5
  2984             5
  2985            12
  2986             3
  2987             6
  2988             4
  2989            15
  2990            10
  2991            10
  2992             6
  2993             5
  2994            16
  2995            10
  2996             9
  2997             9
  2998             9
  2999            12
  3000             9
  3001            12
  3002            12
  3003             9
  3004            10
  3005             7
  3006             7
  3007             2
  3008             6
  3009             9
  3010             6
  3011            10
  3012             6
  3013             9
  3014             6
  3015             7
  3016             4
  3017             6
  3018             3
  3019             8
  3020             6
  3021             6
  3022             4
  3023             5
  3024             3
  3025             5
  3026             4
  3027             2
  3028             1
  3029             2
  3030             2
  3031             0
  3032             0
  3033             2
  3034             2
  3035             1
  3036             0
  3037             3
  3038             3
  3039             1
  3040             2
  3041             2
  3042             0
  3043             0
  3044             0
  3045             0
  3046             0
  3047             0
  3048             0
  3049             1
  3050             1
  3051             0
  3052             0
  3053             0
  3054             0
  3055             0
  3056             0
  3057             0
  3058             0
  3059             0
  3060             0
  3061             1
  3062             0
  3063             1
  3064             0
  3065             0
  3066             0
  3067             0
  3068             0
  3069             0
  3070             0
  3071             0
  3072             0
  3073             0
  3074             0
  3075             0
  3076             1
  3077             0
  3078             1
  3079             0
  3080             0
  3081             1
  3082             0
  3083             0
  3084             1
  3085             0
  3086             0
  3087             0
  3088             0
  3089             0
  3090             0
  3091             0
  3092             0
  3093             0
  3094             0
  3095             0
  3096             0
  3097             0
  3098             0
  3099             1
  3100             0
  3101             0
  3102             0
  3103             0
  3104             0
  3105             0
  3106             0
  3107             0
  3108             0
  3109             0
  3110             0
  3111             0
  3112             0
  3113             0
  3114             0
  3115             0
  3116             0
  3117             0
  3118             0
  3119             0
  3120             0
  3121             0
  3122             0
  3123             0
  3124             0
  3125             0
  3126             0
  3127             0
  3128             0
  3129             0
  3130             0
  3131             0
  3132             0
  3133             0
  3134             0
  3135             0
  3136             0
  3137             0
  3138             0
  3139             0
  3140             0
  3141             0
  3142             1
  3143             1
  3144             0
  3145             0
  3146             0
  3147             1
  3148             0
  3149             0
  3150             0
  3151             0
  3152             0
  3153             0
  3154             0
  3155             0
  3156             0
  3157             0
  3158             0
  3159             0
  3160             0
  3161             0
  3162             0
  3163             0
  3164             0
  3165             0
  3166             0
  3167             0
  3168             0
  3169             0
  3170             1
  3171             0
  3172             0
  3173             0
  3174             0
  3175             0
  3176             0
  3177             0
  3178             0
  3179             0
  3180             0
  3181             0
  3182             0
  3183             0
  3184             1
  3185             0
  3186             0
  3187             0
  3188             0
  3189             0
  3190             0
  3191             0
  3192             0
  3193             0
  3194             0
  3195             0
  3196             0
  3197             0
  3198             0
  3199             0
  3200             0
  3201             0
  3202             0
  3203             0
  3204             0
  3205             0
  3206             0
  3207             0
  3208             1
  3209             0
  3210             0
  3211             0
  3212             0
  3213             0
  3214             0
  3215             0
  3216             0
  3217             0
  3218             0
  3219             0
  3220             0
  3221             0
  3222             0
  3223             0
  3224             0
  3225             0
  3226             0
  3227             0
  3228             0
  3229             0
  3230             0
  3231             0
  3232             0
  3233             0
  3234             0
  3235             0
  3236             0
  3237             0
  3238             0
  3239             0
  3240             0
  3241             0
  3242             0
  3243             0
  3244             0
  3245             0
  3246             0
  3247             0
  3248             0
  3249             0
  3250             0
  3251             0
  3252             0
  3253             0
  3254             0
  3255             0
  3256             0
  3257             0
  3258             0
  3259             0
  3260             0
  3261             0
  3262             0
  3263             0
  3264             0
  3265             0
  3266             0
  3267             0
  3268             0
  3269             0
  3270             0
  3271             0
  3272             0
  3273             0
  3274             1
  3275             0
  3276             0
  3277             0
  3278             0
  3279             0
  3280             0
  3281             0
  3282             0
  3283             0
  3284             0
  3285             0
  3286             0
  3287             0
  3288             0
  3289             0
  3290             0
  3291             0
  3292             0
  3293             0
  3294             0
  3295             0
  3296             0
  3297             0
  3298             0
  3299             0
  3300             0
  3301             0
  3302             0
  3303             0
  3304             0
  3305             0
  3306             0
  3307             0
  3308             0
  3309             0
  3310             0
  3311             0
  3312             0
  3313             0
  3314             0
  3315             0
  3316             0
  3317             1
  3318             1
  3319             0
  3320             0
  3321             0
  3322             0
  3323             0
  3324             0
  3325             1
  3326             0
  3327             0
  3328             0
  3329             0
  3330             1
  3331             0
  3332             0
  3333             0
  3334             0
  3335             0
  3336             0
  3337             0
  3338             0
  3339             0
  3340             0
  3341             0
  3342             0
  3343             0
  3344             0
  3345             0
  3346             0
  3347             0
  3348             0
  3349             0
  3350             0
  3351             0
  3352             0
  3353             0
  3354             0
  3355             0
  3356             0
  3357             0
  3358             0
  3359             0
  3360             0
  3361             0
  3362             0
  3363             0
  3364             0
  3365             0
  3366             0
  3367             0
  3368             0
  3369             0
  3370             1
  3371             0
  3372             0
  3373             0
  3374             0
  3375             0
  3376             0
  3377             0
  3378             0
  3379             0
  3380             0
  3381             0
  3382             0
  3383             0
  3384             0
  3385             0
  3386             0
  3387             0
  3388             0
  3389             0
  3390             0
  3391             0
  3392             0
  3393             1
  3394             0
  3395             0
  3396             0
  3397             0
  3398             0
  3399             0
  3400             0
  3401             0
  3402             0
  3403             0
  3404             0
  3405             0
  3406             0
  3407             0
  3408             0
  3409             0
  3410             0
  3411             0
  3412             0
  3413             0
  3414             0
  3415             0
  3416             0
  3417             0
  3418             0
  3419             0
  3420             0
  3421             0
  3422             0
  3423             0
  3424             0
  3425             0
  3426             0
  3427             0
  3428             0
  3429             0
  3430             0
  3431             0
  3432             0
  3433             0
  3434             0
  3435             0
  3436             0
  3437             0
  3438             0
  3439             0
  3440             0
  3441             0
  3442             0
  3443             0
  3444             0
  3445             0
  3446             0
  3447             0
  3448             0
  3449             0
  3450             0
  3451             0
  3452             0
  3453             0
  3454             0
  3455             0
  3456             0
  3457             0
  3458             0
  3459             0
  3460             0
  3461             0
  3462             0
  3463             0
  3464             0
  3465             0
  3466             0
  3467             0
  3468             0
  3469             0
  3470             0
  3471             0
  3472             0
  3473             0
  3474             0
  3475             0
  3476             0
  3477             0
  3478             0
  3479             0
  3480             0
  3481             0
  3482             0
  3483             0
  3484             0
  3485             0
  3486             0
  3487             0
  3488             0
  3489             0
  3490             0
  3491             0
  3492             0
  3493             0
  3494             0
  3495             0
  3496             0
  3497             0
  3498             0
  3499             0
  3500             0
  3501             0
  3502             0
  3503             0
  3504             0
  3505             0
  3506             0
  3507             0
  3508             0
  3509             0
  3510             0
  3511             0
  3512             0
  3513             0
  3514             0
  3515             0
  3516             0
  3517             0
  3518             0
  3519             0
  3520             0
  3521             0
  3522             0
  3523             0
  3524             0
  3525             0
  3526             0
  3527             0
  3528             0
  3529             0
  3530             0
  3531             0
  3532             0
  3533             0
  3534             0
  3535             0
  3536             0
  3537             0
  3538             0
  3539             0
  3540             0
  3541             0
  3542             0
  3543             0
  3544             0
  3545             0
  3546             0
  3547             0
  3548             0
  3549             0
  3550             0
  3551             0
  3552             0
  3553             0
  3554             0
  3555             0
  3556             0
  3557             1
  3558             0
  3559             0
  3560             0
  3561             0
  3562             0
  3563             0
  3564             0
  3565             0
  3566             0
  3567             0
  3568             0
  3569             0
  3570             0
  3571             0
  3572             0
  3573             0
  3574             0
  3575             0
  3576             0
  3577             0
  3578             0
  3579             0
  3580             0
  3581             0
  3582             0
  3583             0
  3584             0
  3585             0
  3586             0
  3587             0
  3588             0
  3589             0
  3590             0
  3591             0
  3592             0
  3593             0
  3594             0
  3595             0
  3596             0
  3597             0
  3598             0
  3599             0
  3600             0
  3601             0
  3602             0
  3603             0
  3604             0
  3605             0
  3606             0
  3607             0
  3608             0
  3609             0
  3610             0
  3611             0
  3612             0
  3613             0
  3614             0
  3615             0
  3616             0
  3617             0
  3618             0
  3619             0
  3620             0
  3621             0
  3622             1
  3623             0
  3624             0
  3625             0
  3626             0
  3627             0
  3628             0
  3629             0
  3630             0
  3631             0
  3632             0
  3633             0
  3634             0
  3635             0
  3636             0
  3637             0
  3638             0
  3639             0
  3640             0
  3641             0
  3642             0
  3643             0
  3644             0
  3645             0
  3646             0
  3647             0
  3648             0
  3649             0
  3650             0
  3651             0
  3652             0
  3653             0
  3654             0
  3655             0
  3656             0
  3657             0
  3658             0
  3659             0
  3660             0
  3661             0
  3662             0
  3663             0
  3664             0
  3665             0
  3666             0
  3667             0
  3668             0
  3669             0
  3670             0
  3671             0
  3672             0
  3673             0
  3674             0
  3675             0
  3676             0
  3677             0
  3678             0
  3679             0
  3680             0
  3681             0
  3682             0
  3683             0
  3684             0
  3685             0
  3686             0
  3687             0
  3688             0
  3689             0
  3690             0
  3691             0
  3692             0
  3693             0
  3694             0
  3695             0
  3696             0
  3697             0
  3698             0
  3699             0
  3700             0
  3701             0
  3702             0
  3703             0
  3704             0
  3705             0
  3706             0
  3707             0
  3708             0
  3709             0
  3710             0
  3711             0
  3712             0
  3713             0
  3714             0
  3715             0
  3716             0
  3717             0
  3718             0
  3719             0
  3720             0
  3721             0
  3722             0
  3723             0
  3724             0
  3725             0
  3726             0
  3727             0
  3728             0
  3729             0
  3730             0
  3731             0
  3732             0
  3733             0
  3734             0
  3735             0
  3736             0
  3737             0
  3738             0
  3739             0
  3740             0
  3741             0
  3742             0
  3743             0
  3744             0
  3745             0
  3746             0
  3747             0
  3748             0
  3749             0
  3750             0
  3751             0
  3752             0
  3753             0
  3754             0
  3755             0
  3756             0
  3757             0
  3758             0
  3759             0
  3760             0
  3761             0
  3762             0
  3763             0
  3764             0
  3765             0
  3766             0
  3767             0
  3768             0
  3769             0
  3770             0
  3771             0
  3772             0
  3773             0
  3774             0
  3775             0
  3776             0
  3777             0
  3778             0
  3779             0
  3780             0
  3781             0
  3782             0
  3783             0
  3784             0
  3785             0
  3786             0
  3787             0
  3788             0
  3789             0
  3790             0
  3791             0
  3792             0
  3793             0
  3794             0
  3795             0
  3796             0
  3797             0
  3798             0
  3799             0
  3800             0
  3801             0
  3802             0
  3803             0
  3804             0
  3805             0
  3806             0
  3807             0
  3808             0
  3809             0
  3810             0
  3811             0
  3812             0
  3813             0
  3814             0
  3815             0
  3816             0
  3817             0
  3818             0
  3819             0
  3820             0
  3821             0
  3822             0
  3823             0
  3824             0
  3825             0
  3826             0
  3827             0
  3828             0
  3829             0
  3830             0
  3831             0
  3832             0
  3833             0
  3834             0
  3835             0
  3836             0
  3837             0
  3838             0
  3839             0
  3840             0
  3841             0
  3842             0
  3843             0
  3844             0
  3845             0
  3846             0
  3847             0
  3848             0
  3849             0
  3850             0
  3851             0
  3852             0
  3853             0
  3854             0
  3855             0
  3856             0
  3857             0
  3858             0
  3859             0
  3860             0
  3861             0
  3862             0
  3863             0
  3864             0
  3865             0
  3866             0
  3867             0
  3868             0
  3869             0
  3870             0
  3871             0
  3872             0
  3873             0
  3874             0
  3875             0
  3876             0
  3877             0
  3878             0
  3879             0
  3880             0
  3881             0
  3882             0
  3883             0
  3884             0
  3885             0
  3886             0
  3887             0
  3888             0
  3889             0
  3890             0
  3891             0
  3892             0
  3893             0
  3894             0
  3895             0
  3896             0
  3897             0
  3898             0
  3899             0
  3900             0
  3901             0
  3902             0
  3903             0
  3904             0
  3905             0
  3906             0
  3907             0
  3908             0
  3909             0
  3910             0
  3911             0
  3912             0
  3913             0
  3914             0
  3915             0
  3916             0
  3917             0
  3918             0
  3919             0
  3920             0
  3921             0
  3922             0
  3923             0
  3924             0
  3925             0
  3926             0
  3927             0
  3928             0
  3929             0
  3930             0
  3931             0
  3932             0
  3933             0
  3934             0
  3935             0
  3936             0
  3937             0
  3938             0
  3939             0
  3940             0
  3941             0
  3942             0
  3943             0
  3944             0
  3945             0
  3946             0
  3947             0
  3948             0
  3949             0
  3950             0
  3951             0
  3952             0
  3953             0
  3954             0
  3955             0
  3956             0
  3957             0
  3958             0
  3959             0
  3960             0
  3961             0
  3962             0
  3963             0
  3964             0
  3965             0
  3966             0
  3967             0
  3968             0
  3969             0
  3970             0
  3971             0
  3972             0
  3973             0
  3974             0
  3975             0
  3976             0
  3977             0
  3978             0
  3979             0
  3980             0
  3981             0
  3982             0
  3983             0
  3984             0
  3985             0
  3986             0
  3987             0
  3988             0
  3989             0
  3990             0
  3991             0
  3992             0
  3993             0
  3994             0
  3995             0
  3996             0
  3997             0
  3998             0
  3999             0
  4000             0
  4001             0
  4002             0
  4003             0
  4004             0
  4005             0
  4006             0
  4007             0
  4008             0
  4009             0
  4010             0
  4011             0
  4012             0
  4013             0
  4014             0
  4015             0
  4016             0
  4017             0
  4018             0
  4019             0
  4020             0
  4021             0
  4022             0
  4023             0
  4024             0
  4025             0
  4026             0
  4027             0
  4028             0
  4029             0
  4030             0
  4031             0
  4032             0
  4033             0
  4034             0
  4035             0
  4036             0
  4037             0
  4038             0
  4039             0
  4040             0
  4041             0
  4042             0
  4043             0
  4044             0
  4045             0
  4046             0
  4047             0
  4048             0
  4049             0
  4050             0
  4051             0
  4052             0
  4053             0
  4054             0
  4055             0
  4056             0
  4057             0
  4058             0
  4059             0
  4060             0
  4061             0
  4062             0
  4063             0
  4064             0
  4065             0
  4066             0
  4067             0
  4068             0
  4069             0
  4070             0
  4071             0
  4072             0
  4073             0
  4074             0
  4075             0
  4076             0
  4077             0
  4078             0
  4079             0
  4080             0
  4081             0
  4082             0
  4083             0
  4084             0
  4085             0
  4086             0
  4087             0
  4088             0
  4089             0
  4090             0
  4091             0
  4092             0
  4093             0
  4094             0
  4095             0
