     0             0
     1             0
     2             0
     3             0
     4             0
     5             0
     6             0
     7             0
     8             0
     9             0
    10             0
    11             0
    12             0
    13             0
    14             0
    15             0
    16             0
    17             0
    18             0
    19             0
    20             0
    21             0
    22             0
    23             0
    24             0
    25             0
    26             0
    27             0
    28             0
    29             0
    30             0
    31             0
    32             0
    33             0
    34             0
    35             0
    36             0
    37             0
    38             0
    39             0
    40             0
    41             0
    42             0
    43             0
    44             0
    45             0
    46             0
    47             0
    48             0
    49             0
    50             0
    51             0
    52             0
    53             0
    54             0
    55             0
    56             0
    57             0
    58             0
    59             0
    60             0
    61             0
    62             0
    63             0
    64             0
    65             0
    66             0
    67             0
    68             0
    69             0
    70             0
    71             0
    72             0
    73             0
    74             0
    75             0
    76             0
    77             0
    78             0
    79             0
    80             0
    81             0
    82             0
    83             0
    84             0
    85             0
    86             0
    87             0
    88             0
    89             0
    90             0
    91             0
    92             0
    93             0
    94             0
    95             0
    96             0
    97             0
    98             0
    99             0
   100             0
   101             0
   102             0
   103             0
   104             0
   105             0
   106             0
   107             0
   108             0
   109             0
   110             0
   111             0
   112             0
   113             0
   114             0
   115             0
   116             0
   117             0
   118             0
   119             0
   120             0
   121             0
   122             0
   123             0
   124             0
   125             0
   126             0
   127             0
   128             0
   129             0
   130             0
   131             0
   132             0
   133             0
   134             0
   135             0
   136             0
   137             0
   138             0
   139             0
   140             0
   141             0
   142             0
   143             0
   144             0
   145             0
   146             0
   147             0
   148             0
   149             0
   150             0
   151             0
   152             0
   153             0
   154             0
   155             0
   156             0
   157             0
   158             0
   159             0
   160             0
   161             0
   162             0
   163             0
   164             0
   165             0
   166             0
   167             0
   168             0
   169             0
   170             0
   171             0
   172             0
   173             0
   174             0
   175             0
   176             0
   177             0
   178             0
   179             0
   180             0
   181             0
   182             0
   183             0
   184             0
   185             0
   186             0
   187             0
   188             0
   189             0
   190             0
   191             0
   192             0
   193             0
   194             0
   195             0
   196             0
   197             0
   198             0
   199             0
   200             0
   201             0
   202             0
   203             0
   204             0
   205             0
   206             0
   207             0
   208             0
   209             0
   210             0
   211             0
   212             0
   213             0
   214             0
   215             0
   216             0
   217             0
   218             0
   219             0
   220             0
   221             0
   222             0
   223             0
   224             0
   225             0
   226             0
   227             0
   228             0
   229             0
   230             0
   231             0
   232             0
   233             0
   234             0
   235             0
   236             0
   237             0
   238             0
   239             0
   240             0
   241             0
   242             0
   243             0
   244             0
   245             0
   246             0
   247             0
   248             0
   249             0
   250             0
   251             0
   252             0
   253             0
   254             0
   255             0
   256             0
   257             0
   258             0
   259             0
   260             0
   261             0
   262             0
   263             0
   264             0
   265             0
   266             0
   267             0
   268             0
   269             0
   270             0
   271             0
   272             0
   273             0
   274             0
   275             0
   276             0
   277             0
   278             0
   279             0
   280             0
   281             0
   282             0
   283             0
   284             0
   285             0
   286             0
   287             0
   288             0
   289             0
   290             0
   291             0
   292             0
   293             0
   294             0
   295             0
   296             0
   297             0
   298             0
   299             0
   300             0
   301             0
   302             0
   303             0
   304             0
   305             0
   306             0
   307             0
   308             0
   309             0
   310             0
   311             0
   312             0
   313             0
   314             0
   315             0
   316             0
   317             0
   318             0
   319             0
   320             0
   321             0
   322             0
   323             0
   324             0
   325             0
   326             0
   327             0
   328             0
   329             0
   330             1
   331             0
   332             0
   333             0
   334             1
   335             0
   336             0
   337             0
   338             0
   339             0
   340             0
   341             0
   342             0
   343             0
   344             0
   345             0
   346             0
   347             0
   348             0
   349             0
   350             0
   351             0
   352             0
   353             0
   354             0
   355             0
   356             0
   357             0
   358             0
   359             0
   360             0
   361             0
   362             0
   363             0
   364             0
   365             0
   366             0
   367             0
   368             0
   369             0
   370             0
   371             0
   372             0
   373             0
   374             0
   375             0
   376             0
   377             0
   378             0
   379             0
   380             0
   381             0
   382             0
   383             0
   384             0
   385             0
   386             0
   387             0
   388             0
   389             0
   390             0
   391             0
   392             0
   393             0
   394             0
   395             0
   396             0
   397             0
   398             0
   399             0
   400             0
   401             0
   402             0
   403             0
   404             0
   405             0
   406             0
   407             0
   408             0
   409             0
   410             0
   411             0
   412             0
   413             0
   414             0
   415             0
   416             0
   417             0
   418             0
   419             0
   420             0
   421             0
   422             0
   423             0
   424             0
   425             0
   426             0
   427             0
   428             0
   429             0
   430             0
   431             0
   432             0
   433             0
   434             0
   435             0
   436             0
   437             0
   438             0
   439             0
   440             0
   441             0
   442             0
   443             0
   444             0
   445             0
   446             0
   447             0
   448             0
   449             0
   450             0
   451             0
   452             0
   453             0
   454             0
   455             0
   456             0
   457             0
   458             0
   459             0
   460             0
   461             0
   462             0
   463             0
   464             0
   465             0
   466             0
   467             0
   468             0
   469             0
   470             0
   471             0
   472             0
   473             0
   474             0
   475             0
   476             0
   477             0
   478             0
   479             0
   480             0
   481             0
   482             0
   483             0
   484             0
   485             0
   486             0
   487             0
   488             0
   489             0
   490             0
   491             0
   492             0
   493             0
   494             0
   495             0
   496             0
   497             0
   498             0
   499             0
   500             1
   501             1
   502             0
   503             1
   504             1
   505             1
   506             0
   507             1
   508             0
   509             1
   510             1
   511             0
   512             0
   513             1
   514             0
   515             1
   516             0
   517             0
   518             0
   519             2
   520             0
   521             0
   522             1
   523             1
   524             0
   525             0
   526             0
   527             0
   528             0
   529             0
   530             1
   531             0
   532             0
   533             0
   534             1
   535             0
   536             2
   537             0
   538             0
   539             0
   540             0
   541             0
   542             0
   543             2
   544             3
   545             0
   546             0
   547             1
   548             0
   549             0
   550             0
   551             4
   552             1
   553             3
   554             2
   555             1
   556             1
   557             2
   558             0
   559             0
   560             2
   561             2
   562             2
   563             0
   564             1
   565             3
   566             2
   567             0
   568             1
   569             0
   570             0
   571             0
   572             1
   573             0
   574             1
   575             0
   576             0
   577             0
   578             1
   579             0
   580             0
   581             0
   582             0
   583             0
   584             2
   585             0
   586             1
   587             0
   588             1
   589             2
   590             2
   591             0
   592             0
   593             0
   594             1
   595             0
   596             2
   597             0
   598             0
   599             2
   600             3
   601             1
   602             2
   603             4
   604             0
   605             0
   606             0
   607             0
   608             4
   609             1
   610             0
   611             0
   612             1
   613             0
   614             1
   615             1
   616             0
   617             1
   618             1
   619             0
   620             0
   621             0
   622             1
   623             1
   624             3
   625             0
   626             0
   627             0
   628             1
   629             0
   630             1
   631             0
   632             0
   633             1
   634             1
   635             2
   636             1
   637             1
   638             1
   639             0
   640             1
   641             0
   642             3
   643             2
   644             1
   645             1
   646             0
   647             1
   648             0
   649             2
   650             2
   651             0
   652             3
   653             0
   654             0
   655             0
   656             1
   657             0
   658             1
   659             0
   660             1
   661             1
   662             2
   663             1
   664             0
   665             2
   666             0
   667             1
   668             0
   669             0
   670             0
   671             1
   672             1
   673             1
   674             0
   675             2
   676             1
   677             4
   678             3
   679             0
   680             1
   681             0
   682             0
   683             1
   684             0
   685             0
   686             0
   687             0
   688             2
   689             1
   690             0
   691             0
   692             1
   693             3
   694             2
   695             1
   696             2
   697             1
   698             0
   699             0
   700             0
   701             1
   702             0
   703             1
   704             0
   705             0
   706             1
   707             2
   708             0
   709             0
   710             0
   711             2
   712             0
   713             0
   714             2
   715             0
   716             0
   717             0
   718             1
   719             1
   720             2
   721             1
   722             1
   723             2
   724             0
   725             2
   726             1
   727             1
   728             2
   729             0
   730             1
   731             2
   732             0
   733             2
   734             0
   735             0
   736             2
   737             1
   738             1
   739             1
   740             1
   741             0
   742             0
   743             0
   744             1
   745             3
   746             1
   747             1
   748             1
   749             0
   750             0
   751             0
   752             0
   753             1
   754             2
   755             0
   756             1
   757             0
   758             0
   759             2
   760             0
   761             1
   762             1
   763             0
   764             1
   765             0
   766             1
   767             0
   768             1
   769             1
   770             1
   771             1
   772             1
   773             2
   774             0
   775             0
   776             1
   777             0
   778             0
   779             1
   780             0
   781             1
   782             0
   783             0
   784             2
   785             4
   786             4
   787             1
   788             2
   789             1
   790             2
   791             2
   792             3
   793             0
   794             1
   795             0
   796             1
   797             2
   798             1
   799             1
   800             0
   801             0
   802             0
   803             1
   804             2
   805             2
   806             1
   807             3
   808             0
   809             0
   810             0
   811             2
   812             0
   813             0
   814             1
   815             2
   816             1
   817             0
   818             2
   819             0
   820             0
   821             0
   822             0
   823             0
   824             2
   825             1
   826             1
   827             0
   828             2
   829             0
   830             0
   831             2
   832             1
   833             2
   834             0
   835             2
   836             0
   837             1
   838             1
   839             1
   840             1
   841             1
   842             0
   843             0
   844             1
   845             0
   846             3
   847             0
   848             1
   849             3
   850             1
   851             0
   852             2
   853             0
   854             1
   855             0
   856             2
   857             2
   858             0
   859             1
   860             2
   861             1
   862             0
   863             2
   864             0
   865             0
   866             2
   867             0
   868             0
   869             1
   870             0
   871             0
   872             2
   873             1
   874             0
   875             0
   876             2
   877             0
   878             1
   879             0
   880             0
   881             0
   882             1
   883             0
   884             0
   885             0
   886             1
   887             1
   888             1
   889             0
   890             0
   891             1
   892             2
   893             0
   894             3
   895             3
   896             0
   897             1
   898             1
   899             0
   900             3
   901             0
   902             2
   903             1
   904             0
   905             1
   906             0
   907             0
   908             0
   909             0
   910             0
   911             1
   912             3
   913             0
   914             0
   915             0
   916             1
   917             0
   918             1
   919             2
   920             1
   921             0
   922             0
   923             2
   924             2
   925             3
   926             2
   927             2
   928             3
   929             4
   930             0
   931             3
   932             0
   933             1
   934             2
   935             2
   936             1
   937             1
   938             0
   939             1
   940             1
   941             1
   942             1
   943             3
   944             1
   945             0
   946             0
   947             1
   948             2
   949             0
   950             2
   951             0
   952             0
   953             3
   954             0
   955             4
   956             2
   957             2
   958             1
   959             0
   960             0
   961             1
   962             2
   963             0
   964             0
   965             1
   966             2
   967             2
   968             0
   969             1
   970             2
   971             2
   972             1
   973             0
   974             2
   975             0
   976             2
   977             1
   978             2
   979             3
   980             1
   981             1
   982             1
   983             2
   984             0
   985             3
   986             0
   987             1
   988             0
   989             1
   990             2
   991             1
   992             1
   993             1
   994             0
   995             2
   996             1
   997             1
   998             1
   999             1
  1000             1
  1001             0
  1002             0
  1003             3
  1004             4
  1005             2
  1006             1
  1007             2
  1008             4
  1009             0
  1010             2
  1011             3
  1012             0
  1013             3
  1014             2
  1015             3
  1016             4
  1017             1
  1018             3
  1019             0
  1020             2
  1021             0
  1022             2
  1023             3
  1024             1
  1025             2
  1026             2
  1027             0
  1028             3
  1029             1
  1030             0
  1031             2
  1032             0
  1033             1
  1034             2
  1035             1
  1036             2
  1037             0
  1038             2
  1039             3
  1040             0
  1041             1
  1042             0
  1043             1
  1044             2
  1045             3
  1046             3
  1047             2
  1048             1
  1049             2
  1050             1
  1051             0
  1052             2
  1053             2
  1054             1
  1055             2
  1056             2
  1057             2
  1058             0
  1059             3
  1060             4
  1061             1
  1062             2
  1063             2
  1064             1
  1065             2
  1066             2
  1067             1
  1068             1
  1069             3
  1070             0
  1071             2
  1072             2
  1073             2
  1074             1
  1075             1
  1076             0
  1077             1
  1078             5
  1079             1
  1080             3
  1081             2
  1082             1
  1083             0
  1084             0
  1085             6
  1086             1
  1087             2
  1088             3
  1089             3
  1090             2
  1091             2
  1092             1
  1093             2
  1094             2
  1095             3
  1096             3
  1097             1
  1098             1
  1099             0
  1100             4
  1101             5
  1102             2
  1103             4
  1104             5
  1105             1
  1106             3
  1107             1
  1108             5
  1109             2
  1110             1
  1111             3
  1112             1
  1113             0
  1114             3
  1115             2
  1116             1
  1117             1
  1118             2
  1119             3
  1120             2
  1121             0
  1122             3
  1123             6
  1124             3
  1125             3
  1126             4
  1127             4
  1128             1
  1129             3
  1130             2
  1131             3
  1132             8
  1133             1
  1134             2
  1135             2
  1136             1
  1137             3
  1138             7
  1139             2
  1140             3
  1141             4
  1142             8
  1143             7
  1144             2
  1145             1
  1146             3
  1147             7
  1148             3
  1149             4
  1150             7
  1151             4
  1152             2
  1153             4
  1154             5
  1155             0
  1156             5
  1157             5
  1158             0
  1159             6
  1160             3
  1161             4
  1162             4
  1163             1
  1164             3
  1165             3
  1166             3
  1167             4
  1168             4
  1169             3
  1170             4
  1171             2
  1172             6
  1173             2
  1174             8
  1175             4
  1176             5
  1177             7
  1178             7
  1179             6
  1180             6
  1181             4
  1182             3
  1183             8
  1184             5
  1185             5
  1186             5
  1187             9
  1188             6
  1189            10
  1190             4
  1191             9
  1192             5
  1193             3
  1194             5
  1195             5
  1196             6
  1197             6
  1198             6
  1199             5
  1200             7
  1201             6
  1202             4
  1203             4
  1204             5
  1205             2
  1206             1
  1207             3
  1208             8
  1209             8
  1210             7
  1211             9
  1212             6
  1213            12
  1214            13
  1215             6
  1216             3
  1217             9
  1218             4
  1219             8
  1220            11
  1221             4
  1222             8
  1223             4
  1224             9
  1225             4
  1226             5
  1227            10
  1228            11
  1229            10
  1230             9
  1231             9
  1232            15
  1233             8
  1234             6
  1235            10
  1236             8
  1237            12
  1238            10
  1239            11
  1240             6
  1241            10
  1242            12
  1243            10
  1244            14
  1245            10
  1246            27
  1247            13
  1248            18
  1249            23
  1250             8
  1251            17
  1252            18
  1253            18
  1254            23
  1255            19
  1256            20
  1257            19
  1258            25
  1259            22
  1260            24
  1261            22
  1262            28
  1263            30
  1264            38
  1265            28
  1266            41
  1267            37
  1268            27
  1269            43
  1270            29
  1271            43
  1272            41
  1273            49
  1274            54
  1275            55
  1276            52
  1277            65
  1278            60
  1279            69
  1280            68
  1281            75
  1282            86
  1283            76
  1284            82
  1285            96
  1286           104
  1287            91
  1288           100
  1289           113
  1290           128
  1291           129
  1292           137
  1293           138
  1294           173
  1295           127
  1296           140
  1297           136
  1298           174
  1299           168
  1300           173
  1301           172
  1302           167
  1303           183
  1304           197
  1305           202
  1306           184
  1307           205
  1308           226
  1309           240
  1310           243
  1311           243
  1312           231
  1313           234
  1314           230
  1315           209
  1316           209
  1317           233
  1318           231
  1319           238
  1320           243
  1321           237
  1322           239
  1323           226
  1324           222
  1325           234
  1326           238
  1327           191
  1328           238
  1329           205
  1330           208
  1331           213
  1332           209
  1333           219
  1334           182
  1335           191
  1336           196
  1337           196
  1338           195
  1339           176
  1340           172
  1341           144
  1342           154
  1343           138
  1344           161
  1345           159
  1346           121
  1347           143
  1348           130
  1349           111
  1350           117
  1351           131
  1352           115
  1353           107
  1354            99
  1355           120
  1356            87
  1357            73
  1358            81
  1359            83
  1360            88
  1361            94
  1362            55
  1363            69
  1364            71
  1365            74
  1366            65
  1367            61
  1368            58
  1369            58
  1370            47
  1371            52
  1372            41
  1373            39
  1374            47
  1375            42
  1376            50
  1377            53
  1378            46
  1379            56
  1380            48
  1381            36
  1382            39
  1383            39
  1384            29
  1385            44
  1386            43
  1387            52
  1388            35
  1389            51
  1390            53
  1391            46
  1392            46
  1393            53
  1394            50
  1395            47
  1396            48
  1397            49
  1398            52
  1399            57
  1400            45
  1401            64
  1402            50
  1403            79
  1404            80
  1405            81
  1406            83
  1407            70
  1408            76
  1409            74
  1410           117
  1411            81
  1412            91
  1413            97
  1414           112
  1415            96
  1416           112
  1417           115
  1418           111
  1419           124
  1420           123
  1421           155
  1422           120
  1423           161
  1424           146
  1425           143
  1426           150
  1427           162
  1428           146
  1429           147
  1430           155
  1431           180
  1432           179
  1433           184
  1434           170
  1435           184
  1436           172
  1437           187
  1438           200
  1439           206
  1440           191
  1441           182
  1442           210
  1443           180
  1444           200
  1445           196
  1446           175
  1447           175
  1448           191
  1449           201
  1450           173
  1451           164
  1452           171
  1453           172
  1454           148
  1455           174
  1456           178
  1457           196
  1458           159
  1459           156
  1460           149
  1461           145
  1462           161
  1463           145
  1464           131
  1465           137
  1466           117
  1467           131
  1468           121
  1469           136
  1470           127
  1471           129
  1472           108
  1473           122
  1474           111
  1475            95
  1476           108
  1477            93
  1478            98
  1479           105
  1480            93
  1481            93
  1482           102
  1483            76
  1484            94
  1485            73
  1486            89
  1487            76
  1488            82
  1489            76
  1490            69
  1491            72
  1492            63
  1493            64
  1494            69
  1495            73
  1496            68
  1497            64
  1498            54
  1499            75
  1500            57
  1501            55
  1502            52
  1503            68
  1504            50
  1505            57
  1506            53
  1507            61
  1508            53
  1509            47
  1510            49
  1511            58
  1512            46
  1513            67
  1514            39
  1515            55
  1516            59
  1517            72
  1518            50
  1519            61
  1520            50
  1521            59
  1522            64
  1523            69
  1524            77
  1525            59
  1526            70
  1527            77
  1528            64
  1529            92
  1530            62
  1531            86
  1532            81
  1533            84
  1534            85
  1535            87
  1536            91
  1537            91
  1538            92
  1539            86
  1540           114
  1541           124
  1542           127
  1543           115
  1544           104
  1545           155
  1546           131
  1547           162
  1548           152
  1549           150
  1550           131
  1551           177
  1552           141
  1553           170
  1554           201
  1555           184
  1556           190
  1557           188
  1558           196
  1559           199
  1560           206
  1561           194
  1562           211
  1563           196
  1564           214
  1565           213
  1566           209
  1567           243
  1568           230
  1569           227
  1570           259
  1571           234
  1572           232
  1573           231
  1574           256
  1575           248
  1576           242
  1577           236
  1578           247
  1579           225
  1580           200
  1581           233
  1582           200
  1583           229
  1584           218
  1585           218
  1586           203
  1587           210
  1588           225
  1589           224
  1590           217
  1591           207
  1592           178
  1593           189
  1594           200
  1595           194
  1596           162
  1597           157
  1598           186
  1599           161
  1600           149
  1601           167
  1602           141
  1603           119
  1604           170
  1605           144
  1606           154
  1607           121
  1608           131
  1609           119
  1610           120
  1611            95
  1612           113
  1613           124
  1614            97
  1615            93
  1616           113
  1617           105
  1618           102
  1619            72
  1620            87
  1621            82
  1622            85
  1623            53
  1624            74
  1625            76
  1626            68
  1627            56
  1628            58
  1629            66
  1630            40
  1631            68
  1632            58
  1633            65
  1634            45
  1635            48
  1636            41
  1637            48
  1638            35
  1639            42
  1640            36
  1641            31
  1642            36
  1643            36
  1644            35
  1645            35
  1646            33
  1647            32
  1648            30
  1649            35
  1650            32
  1651            28
  1652            24
  1653            25
  1654            30
  1655            18
  1656            32
  1657            17
  1658            21
  1659            21
  1660            13
  1661            24
  1662            22
  1663            17
  1664            23
  1665            20
  1666            29
  1667            15
  1668            15
  1669            14
  1670            16
  1671            20
  1672            15
  1673             7
  1674            12
  1675             8
  1676            10
  1677            13
  1678             7
  1679            10
  1680             7
  1681             8
  1682             7
  1683             8
  1684             9
  1685             8
  1686             8
  1687             7
  1688             5
  1689             5
  1690             8
  1691            10
  1692             6
  1693             9
  1694            11
  1695             9
  1696             4
  1697             5
  1698             7
  1699             6
  1700             6
  1701             5
  1702             7
  1703             8
  1704             7
  1705             9
  1706             3
  1707             3
  1708             4
  1709             3
  1710             6
  1711             7
  1712             2
  1713             4
  1714             1
  1715             5
  1716             5
  1717             1
  1718             2
  1719             6
  1720             1
  1721             6
  1722             4
  1723             2
  1724             2
  1725             3
  1726             4
  1727             3
  1728             4
  1729             5
  1730             3
  1731             1
  1732             3
  1733             2
  1734             1
  1735             7
  1736             4
  1737             1
  1738             2
  1739             1
  1740             2
  1741             2
  1742             2
  1743             2
  1744             0
  1745             3
  1746             0
  1747             4
  1748             2
  1749             3
  1750             1
  1751             2
  1752             1
  1753             4
  1754             0
  1755             1
  1756             2
  1757             0
  1758             2
  1759             4
  1760             5
  1761             4
  1762             2
  1763             0
  1764             3
  1765             0
  1766             2
  1767             1
  1768             1
  1769             1
  1770             3
  1771             4
  1772             1
  1773             2
  1774             3
  1775             4
  1776             1
  1777             4
  1778             0
  1779             1
  1780             2
  1781             3
  1782             3
  1783             2
  1784             4
  1785             1
  1786             2
  1787             1
  1788             7
  1789             2
  1790             2
  1791             2
  1792             5
  1793             6
  1794             4
  1795             6
  1796             5
  1797             3
  1798             3
  1799             1
  1800             0
  1801             2
  1802             2
  1803             7
  1804             3
  1805             2
  1806             4
  1807             5
  1808             5
  1809             5
  1810             4
  1811             5
  1812             4
  1813             7
  1814             8
  1815             6
  1816             5
  1817             5
  1818             2
  1819             7
  1820             3
  1821             2
  1822             5
  1823             1
  1824             5
  1825             2
  1826             5
  1827             2
  1828             4
  1829             1
  1830             4
  1831             2
  1832             4
  1833             1
  1834             3
  1835             0
  1836             5
  1837             3
  1838             4
  1839             3
  1840             4
  1841             4
  1842             3
  1843             7
  1844             5
  1845             1
  1846             3
  1847             3
  1848             2
  1849             5
  1850             3
  1851             3
  1852             5
  1853             7
  1854             2
  1855             3
  1856             2
  1857             2
  1858             6
  1859             6
  1860             5
  1861             4
  1862             2
  1863             9
  1864             5
  1865             6
  1866             1
  1867             9
  1868            12
  1869             4
  1870             2
  1871             5
  1872             3
  1873             7
  1874             9
  1875             9
  1876            10
  1877            14
  1878            12
  1879             9
  1880             7
  1881             9
  1882            10
  1883            13
  1884            14
  1885             8
  1886            14
  1887             9
  1888            14
  1889            10
  1890            12
  1891            10
  1892             7
  1893             9
  1894             9
  1895            12
  1896             8
  1897             7
  1898             6
  1899             9
  1900            14
  1901             6
  1902             6
  1903            11
  1904             6
  1905            19
  1906             7
  1907            15
  1908            12
  1909            13
  1910            10
  1911             9
  1912            12
  1913            10
  1914             5
  1915             8
  1916             9
  1917             8
  1918            10
  1919             9
  1920             7
  1921            13
  1922             6
  1923             5
  1924             4
  1925             9
  1926             7
  1927             9
  1928            13
  1929             7
  1930             5
  1931             3
  1932             6
  1933             6
  1934             5
  1935             3
  1936             6
  1937             3
  1938             6
  1939             5
  1940             4
  1941             2
  1942             4
  1943             5
  1944             2
  1945             4
  1946             1
  1947             4
  1948             3
  1949             2
  1950             1
  1951             5
  1952             1
  1953             0
  1954             0
  1955             0
  1956             4
  1957             1
  1958             2
  1959             1
  1960             2
  1961             1
  1962             2
  1963             3
  1964             2
  1965             2
  1966             0
  1967             1
  1968             2
  1969             2
  1970             4
  1971             0
  1972             1
  1973             0
  1974             0
  1975             0
  1976             1
  1977             0
  1978             1
  1979             0
  1980             0
  1981             0
  1982             1
  1983             1
  1984             1
  1985             0
  1986             0
  1987             1
  1988             3
  1989             0
  1990             0
  1991             0
  1992             1
  1993             2
  1994             0
  1995             1
  1996             0
  1997             0
  1998             0
  1999             2
  2000             0
  2001             0
  2002             0
  2003             1
  2004             0
  2005             0
  2006             0
  2007             0
  2008             1
  2009             1
  2010             1
  2011             0
  2012             1
  2013             0
  2014             2
  2015             0
  2016             0
  2017             2
  2018             0
  2019             0
  2020             0
  2021             0
  2022             2
  2023             0
  2024             2
  2025             2
  2026             0
  2027             1
  2028             2
  2029             1
  2030             3
  2031             0
  2032             0
  2033             1
  2034             1
  2035             1
  2036             3
  2037             1
  2038             0
  2039             0
  2040             1
  2041             1
  2042             0
  2043             0
  2044             1
  2045             3
  2046             0
  2047             1
  2048             1
  2049             4
  2050             1
  2051             2
  2052             5
  2053             2
  2054             1
  2055             3
  2056             7
  2057             4
  2058             4
  2059             2
  2060             3
  2061             2
  2062             1
  2063            10
  2064             4
  2065             4
  2066             5
  2067             4
  2068             8
  2069             6
  2070             7
  2071             8
  2072             5
  2073             6
  2074             6
  2075             8
  2076             8
  2077             8
  2078             6
  2079             4
  2080             8
  2081            10
  2082            16
  2083            13
  2084             9
  2085             3
  2086            11
  2087            12
  2088            12
  2089            14
  2090             9
  2091             7
  2092            13
  2093            11
  2094            12
  2095             7
  2096            16
  2097            10
  2098             6
  2099            12
  2100            13
  2101            16
  2102            17
  2103             9
  2104            10
  2105            16
  2106             4
  2107            13
  2108            12
  2109            10
  2110             8
  2111            10
  2112            10
  2113             7
  2114             7
  2115             7
  2116             7
  2117             9
  2118             7
  2119             6
  2120             7
  2121             3
  2122             7
  2123             5
  2124             6
  2125             5
  2126             5
  2127             2
  2128             2
  2129             6
  2130             6
  2131             7
  2132             4
  2133             2
  2134             5
  2135             3
  2136             2
  2137             4
  2138             8
  2139             3
  2140             1
  2141             4
  2142             0
  2143             1
  2144             1
  2145             4
  2146             0
  2147             1
  2148             2
  2149             1
  2150             0
  2151             2
  2152             2
  2153             1
  2154             0
  2155             3
  2156             0
  2157             1
  2158             0
  2159             2
  2160             0
  2161             1
  2162             0
  2163             0
  2164             1
  2165             1
  2166             0
  2167             0
  2168             1
  2169             0
  2170             2
  2171             2
  2172             1
  2173             0
  2174             0
  2175             0
  2176             0
  2177             0
  2178             1
  2179             0
  2180             1
  2181             0
  2182             3
  2183             1
  2184             2
  2185             1
  2186             0
  2187             2
  2188             0
  2189             1
  2190             2
  2191             0
  2192             0
  2193             1
  2194             1
  2195             0
  2196             2
  2197             2
  2198             1
  2199             1
  2200             2
  2201             3
  2202             1
  2203             2
  2204             1
  2205             0
  2206             0
  2207             0
  2208             1
  2209             2
  2210             2
  2211             0
  2212             0
  2213             3
  2214             1
  2215             0
  2216             3
  2217             1
  2218             1
  2219             4
  2220             0
  2221             0
  2222             0
  2223             1
  2224             2
  2225             0
  2226             1
  2227             0
  2228             2
  2229             1
  2230             1
  2231             0
  2232             2
  2233             2
  2234             0
  2235             1
  2236             0
  2237             1
  2238             0
  2239             0
  2240             1
  2241             0
  2242             1
  2243             0
  2244             2
  2245             1
  2246             1
  2247             0
  2248             0
  2249             1
  2250             0
  2251             0
  2252             1
  2253             0
  2254             0
  2255             0
  2256             0
  2257             0
  2258             0
  2259             0
  2260             0
  2261             0
  2262             0
  2263             0
  2264             0
  2265             0
  2266             1
  2267             0
  2268             0
  2269             1
  2270             0
  2271             0
  2272             0
  2273             0
  2274             1
  2275             0
  2276             1
  2277             0
  2278             0
  2279             0
  2280             0
  2281             0
  2282             0
  2283             0
  2284             0
  2285             0
  2286             0
  2287             0
  2288             0
  2289             0
  2290             0
  2291             0
  2292             0
  2293             0
  2294             0
  2295             0
  2296             0
  2297             0
  2298             0
  2299             0
  2300             0
  2301             0
  2302             0
  2303             0
  2304             0
  2305             0
  2306             0
  2307             0
  2308             0
  2309             0
  2310             0
  2311             1
  2312             1
  2313             0
  2314             0
  2315             0
  2316             0
  2317             0
  2318             0
  2319             0
  2320             0
  2321             0
  2322             0
  2323             0
  2324             0
  2325             0
  2326             0
  2327             0
  2328             0
  2329             0
  2330             0
  2331             1
  2332             0
  2333             0
  2334             1
  2335             0
  2336             0
  2337             0
  2338             0
  2339             0
  2340             0
  2341             0
  2342             0
  2343             0
  2344             0
  2345             0
  2346             0
  2347             0
  2348             0
  2349             0
  2350             0
  2351             0
  2352             0
  2353             1
  2354             0
  2355             0
  2356             0
  2357             0
  2358             0
  2359             0
  2360             2
  2361             0
  2362             0
  2363             0
  2364             0
  2365             0
  2366             0
  2367             0
  2368             0
  2369             0
  2370             0
  2371             2
  2372             0
  2373             0
  2374             0
  2375             0
  2376             0
  2377             0
  2378             0
  2379             0
  2380             0
  2381             0
  2382             0
  2383             0
  2384             0
  2385             0
  2386             1
  2387             0
  2388             0
  2389             0
  2390             0
  2391             0
  2392             0
  2393             1
  2394             0
  2395             0
  2396             0
  2397             0
  2398             0
  2399             0
  2400             0
  2401             0
  2402             0
  2403             0
  2404             0
  2405             1
  2406             0
  2407             0
  2408             0
  2409             0
  2410             0
  2411             0
  2412             0
  2413             0
  2414             0
  2415             0
  2416             0
  2417             0
  2418             0
  2419             0
  2420             0
  2421             0
  2422             0
  2423             0
  2424             0
  2425             0
  2426             0
  2427             0
  2428             0
  2429             0
  2430             0
  2431             0
  2432             0
  2433             0
  2434             0
  2435             0
  2436             0
  2437             0
  2438             0
  2439             0
  2440             0
  2441             0
  2442             0
  2443             0
  2444             0
  2445             0
  2446             0
  2447             0
  2448             1
  2449             0
  2450             0
  2451             0
  2452             0
  2453             0
  2454             0
  2455             2
  2456             0
  2457             0
  2458             0
  2459             0
  2460             0
  2461             0
  2462             0
  2463             0
  2464             0
  2465             0
  2466             0
  2467             0
  2468             0
  2469             0
  2470             0
  2471             0
  2472             1
  2473             0
  2474             0
  2475             0
  2476             0
  2477             0
  2478             0
  2479             0
  2480             0
  2481             0
  2482             0
  2483             0
  2484             0
  2485             0
  2486             1
  2487             0
  2488             0
  2489             1
  2490             1
  2491             0
  2492             0
  2493             2
  2494             0
  2495             1
  2496             0
  2497             0
  2498             0
  2499             1
  2500             0
  2501             0
  2502             0
  2503             0
  2504             0
  2505             1
  2506             0
  2507             0
  2508             0
  2509             0
  2510             1
  2511             0
  2512             1
  2513             0
  2514             0
  2515             1
  2516             1
  2517             0
  2518             0
  2519             0
  2520             0
  2521             0
  2522             0
  2523             0
  2524             2
  2525             0
  2526             0
  2527             0
  2528             0
  2529             0
  2530             0
  2531             0
  2532             0
  2533             0
  2534             0
  2535             0
  2536             0
  2537             0
  2538             0
  2539             0
  2540             0
  2541             0
  2542             0
  2543             1
  2544             0
  2545             0
  2546             0
  2547             0
  2548             0
  2549             0
  2550             0
  2551             0
  2552             0
  2553             0
  2554             0
  2555             0
  2556             0
  2557             0
  2558             0
  2559             1
  2560             0
  2561             0
  2562             0
  2563             0
  2564             0
  2565             0
  2566             0
  2567             0
  2568             0
  2569             0
  2570             0
  2571             0
  2572             1
  2573             1
  2574             0
  2575             1
  2576             0
  2577             0
  2578             0
  2579             0
  2580             2
  2581             0
  2582             0
  2583             0
  2584             0
  2585             1
  2586             1
  2587             0
  2588             1
  2589             0
  2590             0
  2591             0
  2592             0
  2593             0
  2594             0
  2595             0
  2596             0
  2597             0
  2598             1
  2599             0
  2600             1
  2601             0
  2602             0
  2603             0
  2604             1
  2605             0
  2606             0
  2607             0
  2608             2
  2609             0
  2610             0
  2611             1
  2612             0
  2613             1
  2614             0
  2615             0
  2616             0
  2617             1
  2618             0
  2619             0
  2620             1
  2621             0
  2622             0
  2623             0
  2624             1
  2625             0
  2626             1
  2627             0
  2628             1
  2629             0
  2630             0
  2631             0
  2632             0
  2633             0
  2634             1
  2635             2
  2636             0
  2637             0
  2638             1
  2639             1
  2640             0
  2641             2
  2642             0
  2643             1
  2644             3
  2645             0
  2646             0
  2647             0
  2648             1
  2649             1
  2650             1
  2651             1
  2652             3
  2653             2
  2654             1
  2655             3
  2656             0
  2657             2
  2658             2
  2659             0
  2660             0
  2661             3
  2662             2
  2663             1
  2664             0
  2665             0
  2666             0
  2667             1
  2668             0
  2669             1
  2670             2
  2671             2
  2672             1
  2673             1
  2674             3
  2675             0
  2676             3
  2677             1
  2678             3
  2679             2
  2680             2
  2681             1
  2682             1
  2683             1
  2684             0
  2685             2
  2686             1
  2687             0
  2688             0
  2689             1
  2690             0
  2691             0
  2692             0
  2693             1
  2694             0
  2695             0
  2696             0
  2697             1
  2698             1
  2699             2
  2700             0
  2701             0
  2702             0
  2703             2
  2704             1
  2705             0
  2706             1
  2707             1
  2708             0
  2709             0
  2710             0
  2711             3
  2712             2
  2713             0
  2714             1
  2715             2
  2716             1
  2717             3
  2718             1
  2719             0
  2720             0
  2721             2
  2722             1
  2723             1
  2724             2
  2725             1
  2726             1
  2727             2
  2728             4
  2729             2
  2730             1
  2731             0
  2732             1
  2733             3
  2734             3
  2735             4
  2736             1
  2737             2
  2738             2
  2739             2
  2740             3
  2741             1
  2742             3
  2743             3
  2744             2
  2745             4
  2746             3
  2747             6
  2748             5
  2749             3
  2750             4
  2751             9
  2752             3
  2753             2
  2754             1
  2755             4
  2756             2
  2757             8
  2758             5
  2759             4
  2760             3
  2761             6
  2762             9
  2763            10
  2764             7
  2765             5
  2766             5
  2767             7
  2768             7
  2769             6
  2770             5
  2771             7
  2772             6
  2773             7
  2774             8
  2775            12
  2776             6
  2777             2
  2778             4
  2779             7
  2780            10
  2781            10
  2782             7
  2783             7
  2784             7
  2785             5
  2786             9
  2787             6
  2788             9
  2789             6
  2790             8
  2791             5
  2792             8
  2793             5
  2794             7
  2795             7
  2796             0
  2797             9
  2798             8
  2799             6
  2800             5
  2801             6
  2802             7
  2803             5
  2804             9
  2805             5
  2806             2
  2807             3
  2808             3
  2809             2
  2810             4
  2811             2
  2812             4
  2813             3
  2814             5
  2815             0
  2816             1
  2817             2
  2818             2
  2819             1
  2820             2
  2821             2
  2822             2
  2823             1
  2824             1
  2825             0
  2826             1
  2827             1
  2828             1
  2829             2
  2830             0
  2831             0
  2832             0
  2833             1
  2834             0
  2835             2
  2836             0
  2837             0
  2838             2
  2839             0
  2840             0
  2841             0
  2842             0
  2843             1
  2844             0
  2845             1
  2846             1
  2847             0
  2848             0
  2849             0
  2850             0
  2851             1
  2852             0
  2853             0
  2854             0
  2855             0
  2856             0
  2857             0
  2858             0
  2859             0
  2860             0
  2861             0
  2862             0
  2863             0
  2864             0
  2865             0
  2866             0
  2867             0
  2868             1
  2869             0
  2870             0
  2871             0
  2872             0
  2873             0
  2874             0
  2875             1
  2876             0
  2877             0
  2878             0
  2879             0
  2880             0
  2881             0
  2882             0
  2883             0
  2884             0
  2885             0
  2886             0
  2887             0
  2888             1
  2889             0
  2890             0
  2891             0
  2892             0
  2893             0
  2894             0
  2895             0
  2896             0
  2897             0
  2898             0
  2899             0
  2900             1
  2901             0
  2902             0
  2903             0
  2904             0
  2905             0
  2906             0
  2907             0
  2908             0
  2909             0
  2910             0
  2911             0
  2912             0
  2913             0
  2914             0
  2915             0
  2916             0
  2917             0
  2918             0
  2919             0
  2920             0
  2921             0
  2922             0
  2923             0
  2924             0
  2925             0
  2926             1
  2927             0
  2928             0
  2929             0
  2930             0
  2931             0
  2932             0
  2933             1
  2934             0
  2935             0
  2936             0
  2937             0
  2938             0
  2939             0
  2940             0
  2941             0
  2942             0
  2943             0
  2944             0
  2945             0
  2946             0
  2947             0
  2948             0
  2949             0
  2950             0
  2951             0
  2952             0
  2953             0
  2954             0
  2955             0
  2956             0
  2957             0
  2958             0
  2959             0
  2960             0
  2961             0
  2962             0
  2963             0
  2964             0
  2965             0
  2966             0
  2967             0
  2968             0
  2969             0
  2970             0
  2971             0
  2972             0
  2973             0
  2974             0
  2975             0
  2976             0
  2977             1
  2978             0
  2979             0
  2980             0
  2981             0
  2982             0
  2983             0
  2984             0
  2985             0
  2986             0
  2987             0
  2988             0
  2989             0
  2990             0
  2991             0
  2992             1
  2993             0
  2994             0
  2995             0
  2996             0
  2997             0
  2998             0
  2999             0
  3000             0
  3001             0
  3002             0
  3003             0
  3004             0
  3005             0
  3006             0
  3007             1
  3008             0
  3009             0
  3010             0
  3011             0
  3012             0
  3013             0
  3014             0
  3015             0
  3016             0
  3017             0
  3018             0
  3019             0
  3020             0
  3021             0
  3022             0
  3023             0
  3024             0
  3025             0
  3026             0
  3027             1
  3028             0
  3029             0
  3030             0
  3031             0
  3032             0
  3033             0
  3034             0
  3035             0
  3036             0
  3037             0
  3038             0
  3039             0
  3040             0
  3041             0
  3042             0
  3043             0
  3044             0
  3045             0
  3046             0
  3047             0
  3048             0
  3049             0
  3050             0
  3051             0
  3052             0
  3053             0
  3054             0
  3055             0
  3056             0
  3057             0
  3058             0
  3059             0
  3060             1
  3061             0
  3062             0
  3063             1
  3064             0
  3065             0
  3066             0
  3067             0
  3068             0
  3069             0
  3070             0
  3071             0
  3072             0
  3073             0
  3074             0
  3075             0
  3076             0
  3077             0
  3078             0
  3079             0
  3080             0
  3081             0
  3082             0
  3083             0
  3084             0
  3085             0
  3086             0
  3087             0
  3088             0
  3089             0
  3090             0
  3091             0
  3092             0
  3093             0
  3094             0
  3095             0
  3096             0
  3097             0
  3098             0
  3099             0
  3100             0
  3101             0
  3102             0
  3103             0
  3104             0
  3105             0
  3106             0
  3107             0
  3108             0
  3109             0
  3110             0
  3111             0
  3112             0
  3113             0
  3114             0
  3115             0
  3116             0
  3117             0
  3118             0
  3119             0
  3120             0
  3121             0
  3122             0
  3123             0
  3124             0
  3125             0
  3126             0
  3127             0
  3128             0
  3129             0
  3130             0
  3131             0
  3132             0
  3133             0
  3134             0
  3135             0
  3136             0
  3137             0
  3138             0
  3139             0
  3140             0
  3141             0
  3142             0
  3143             0
  3144             0
  3145             0
  3146             0
  3147             0
  3148             0
  3149             0
  3150             0
  3151             0
  3152             0
  3153             0
  3154             0
  3155             0
  3156             0
  3157             0
  3158             0
  3159             0
  3160             0
  3161             0
  3162             0
  3163             0
  3164             0
  3165             0
  3166             0
  3167             0
  3168             0
  3169             0
  3170             0
  3171             0
  3172             0
  3173             0
  3174             0
  3175             0
  3176             0
  3177             0
  3178             0
  3179             0
  3180             0
  3181             0
  3182             0
  3183             0
  3184             0
  3185             0
  3186             0
  3187             0
  3188             0
  3189             0
  3190             0
  3191             0
  3192             0
  3193             0
  3194             0
  3195             0
  3196             1
  3197             0
  3198             0
  3199             0
  3200             0
  3201             0
  3202             0
  3203             0
  3204             0
  3205             0
  3206             0
  3207             0
  3208             0
  3209             0
  3210             0
  3211             0
  3212             0
  3213             0
  3214             0
  3215             0
  3216             0
  3217             0
  3218             0
  3219             0
  3220             0
  3221             0
  3222             0
  3223             0
  3224             0
  3225             0
  3226             0
  3227             0
  3228             0
  3229             0
  3230             0
  3231             0
  3232             0
  3233             0
  3234             0
  3235             0
  3236             0
  3237             0
  3238             0
  3239             0
  3240             0
  3241             0
  3242             0
  3243             0
  3244             0
  3245             0
  3246             0
  3247             0
  3248             0
  3249             0
  3250             0
  3251             0
  3252             0
  3253             0
  3254             0
  3255             0
  3256             0
  3257             0
  3258             0
  3259             0
  3260             0
  3261             0
  3262             0
  3263             0
  3264             0
  3265             0
  3266             0
  3267             0
  3268             0
  3269             0
  3270             0
  3271             0
  3272             0
  3273             0
  3274             0
  3275             0
  3276             0
  3277             0
  3278             0
  3279             0
  3280             0
  3281             0
  3282             0
  3283             0
  3284             0
  3285             0
  3286             0
  3287             0
  3288             0
  3289             0
  3290             0
  3291             0
  3292             0
  3293             0
  3294             0
  3295             0
  3296             0
  3297             0
  3298             0
  3299             0
  3300             0
  3301             0
  3302             0
  3303             0
  3304             0
  3305             0
  3306             0
  3307             0
  3308             0
  3309             0
  3310             0
  3311             0
  3312             0
  3313             0
  3314             0
  3315             0
  3316             0
  3317             0
  3318             0
  3319             0
  3320             0
  3321             0
  3322             0
  3323             0
  3324             0
  3325             0
  3326             0
  3327             0
  3328             0
  3329             0
  3330             0
  3331             0
  3332             0
  3333             0
  3334             0
  3335             0
  3336             0
  3337             0
  3338             0
  3339             0
  3340             0
  3341             0
  3342             0
  3343             0
  3344             0
  3345             0
  3346             0
  3347             0
  3348             0
  3349             0
  3350             0
  3351             0
  3352             0
  3353             0
  3354             0
  3355             0
  3356             0
  3357             0
  3358             0
  3359             0
  3360             0
  3361             0
  3362             0
  3363             0
  3364             0
  3365             0
  3366             0
  3367             0
  3368             0
  3369             0
  3370             0
  3371             0
  3372             0
  3373             0
  3374             0
  3375             0
  3376             0
  3377             0
  3378             0
  3379             0
  3380             0
  3381             0
  3382             0
  3383             0
  3384             0
  3385             0
  3386             0
  3387             0
  3388             0
  3389             1
  3390             0
  3391             0
  3392             0
  3393             0
  3394             0
  3395             0
  3396             0
  3397             0
  3398             0
  3399             0
  3400             0
  3401             0
  3402             0
  3403             0
  3404             0
  3405             0
  3406             0
  3407             0
  3408             0
  3409             0
  3410             0
  3411             0
  3412             0
  3413             0
  3414             0
  3415             0
  3416             0
  3417             0
  3418             0
  3419             0
  3420             0
  3421             0
  3422             0
  3423             0
  3424             0
  3425             0
  3426             0
  3427             0
  3428             0
  3429             0
  3430             0
  3431             0
  3432             0
  3433             0
  3434             0
  3435             0
  3436             0
  3437             0
  3438             0
  3439             0
  3440             0
  3441             0
  3442             0
  3443             0
  3444             0
  3445             0
  3446             0
  3447             0
  3448             0
  3449             0
  3450             0
  3451             0
  3452             0
  3453             0
  3454             0
  3455             0
  3456             0
  3457             0
  3458             0
  3459             0
  3460             0
  3461             0
  3462             0
  3463             0
  3464             0
  3465             0
  3466             0
  3467             0
  3468             0
  3469             0
  3470             0
  3471             0
  3472             0
  3473             0
  3474             0
  3475             0
  3476             0
  3477             0
  3478             0
  3479             0
  3480             0
  3481             0
  3482             0
  3483             0
  3484             0
  3485             0
  3486             0
  3487             0
  3488             0
  3489             0
  3490             0
  3491             0
  3492             0
  3493             0
  3494             0
  3495             0
  3496             0
  3497             0
  3498             0
  3499             0
  3500             0
  3501             0
  3502             0
  3503             0
  3504             0
  3505             0
  3506             0
  3507             0
  3508             0
  3509             0
  3510             0
  3511             0
  3512             0
  3513             0
  3514             0
  3515             0
  3516             0
  3517             0
  3518             0
  3519             0
  3520             0
  3521             0
  3522             0
  3523             0
  3524             0
  3525             0
  3526             0
  3527             0
  3528             0
  3529             0
  3530             0
  3531             0
  3532             0
  3533             0
  3534             0
  3535             0
  3536             0
  3537             0
  3538             0
  3539             0
  3540             0
  3541             0
  3542             0
  3543             0
  3544             0
  3545             0
  3546             0
  3547             0
  3548             0
  3549             0
  3550             0
  3551             0
  3552             0
  3553             0
  3554             0
  3555             0
  3556             0
  3557             0
  3558             0
  3559             0
  3560             0
  3561             0
  3562             0
  3563             0
  3564             0
  3565             0
  3566             0
  3567             0
  3568             0
  3569             0
  3570             0
  3571             0
  3572             0
  3573             0
  3574             0
  3575             0
  3576             0
  3577             0
  3578             0
  3579             0
  3580             0
  3581             0
  3582             0
  3583             0
  3584             0
  3585             0
  3586             0
  3587             0
  3588             0
  3589             0
  3590             0
  3591             0
  3592             0
  3593             0
  3594             0
  3595             0
  3596             0
  3597             0
  3598             0
  3599             0
  3600             0
  3601             0
  3602             0
  3603             0
  3604             0
  3605             0
  3606             0
  3607             0
  3608             0
  3609             0
  3610             0
  3611             0
  3612             0
  3613             0
  3614             0
  3615             0
  3616             0
  3617             0
  3618             0
  3619             0
  3620             0
  3621             0
  3622             0
  3623             0
  3624             0
  3625             0
  3626             0
  3627             0
  3628             0
  3629             0
  3630             0
  3631             0
  3632             0
  3633             0
  3634             0
  3635             0
  3636             0
  3637             0
  3638             0
  3639             0
  3640             0
  3641             0
  3642             0
  3643             0
  3644             0
  3645             0
  3646             0
  3647             0
  3648             0
  3649             0
  3650             0
  3651             0
  3652             0
  3653             0
  3654             0
  3655             0
  3656             0
  3657             0
  3658             0
  3659             0
  3660             0
  3661             0
  3662             0
  3663             0
  3664             0
  3665             0
  3666             0
  3667             0
  3668             0
  3669             0
  3670             0
  3671             0
  3672             0
  3673             0
  3674             0
  3675             0
  3676             0
  3677             0
  3678             0
  3679             0
  3680             0
  3681             0
  3682             0
  3683             0
  3684             0
  3685             0
  3686             0
  3687             0
  3688             0
  3689             0
  3690             0
  3691             0
  3692             0
  3693             0
  3694             0
  3695             0
  3696             0
  3697             0
  3698             0
  3699             0
  3700             0
  3701             0
  3702             0
  3703             0
  3704             0
  3705             0
  3706             0
  3707             0
  3708             0
  3709             0
  3710             0
  3711             0
  3712             0
  3713             0
  3714             0
  3715             0
  3716             0
  3717             0
  3718             0
  3719             0
  3720             0
  3721             0
  3722             0
  3723             0
  3724             0
  3725             0
  3726             0
  3727             0
  3728             0
  3729             0
  3730             0
  3731             0
  3732             0
  3733             0
  3734             0
  3735             0
  3736             0
  3737             0
  3738             0
  3739             0
  3740             0
  3741             0
  3742             0
  3743             0
  3744             0
  3745             0
  3746             0
  3747             0
  3748             0
  3749             0
  3750             0
  3751             0
  3752             0
  3753             0
  3754             0
  3755             0
  3756             0
  3757             0
  3758             0
  3759             0
  3760             0
  3761             0
  3762             0
  3763             0
  3764             0
  3765             0
  3766             0
  3767             0
  3768             0
  3769             0
  3770             0
  3771             0
  3772             0
  3773             0
  3774             0
  3775             0
  3776             0
  3777             0
  3778             0
  3779             0
  3780             0
  3781             0
  3782             0
  3783             0
  3784             0
  3785             0
  3786             0
  3787             0
  3788             0
  3789             0
  3790             0
  3791             0
  3792             0
  3793             0
  3794             0
  3795             0
  3796             0
  3797             0
  3798             0
  3799             0
  3800             0
  3801             0
  3802             0
  3803             0
  3804             0
  3805             0
  3806             0
  3807             0
  3808             0
  3809             0
  3810             0
  3811             0
  3812             0
  3813             0
  3814             0
  3815             0
  3816             0
  3817             0
  3818             0
  3819             0
  3820             0
  3821             0
  3822             0
  3823             0
  3824             0
  3825             0
  3826             0
  3827             0
  3828             0
  3829             0
  3830             0
  3831             0
  3832             0
  3833             0
  3834             0
  3835             0
  3836             0
  3837             0
  3838             0
  3839             0
  3840             0
  3841             0
  3842             0
  3843             0
  3844             0
  3845             0
  3846             0
  3847             0
  3848             0
  3849             0
  3850             0
  3851             0
  3852             0
  3853             0
  3854             0
  3855             0
  3856             0
  3857             0
  3858             0
  3859             0
  3860             0
  3861             0
  3862             0
  3863             0
  3864             0
  3865             0
  3866             0
  3867             0
  3868             0
  3869             0
  3870             0
  3871             0
  3872             0
  3873             0
  3874             0
  3875             0
  3876             0
  3877             0
  3878             0
  3879             0
  3880             0
  3881             0
  3882             0
  3883             0
  3884             0
  3885             0
  3886             0
  3887             0
  3888             0
  3889             0
  3890             0
  3891             0
  3892             0
  3893             0
  3894             0
  3895             0
  3896             0
  3897             0
  3898             0
  3899             0
  3900             0
  3901             0
  3902             0
  3903             0
  3904             0
  3905             0
  3906             0
  3907             0
  3908             0
  3909             0
  3910             0
  3911             0
  3912             0
  3913             0
  3914             0
  3915             0
  3916             0
  3917             0
  3918             0
  3919             0
  3920             0
  3921             0
  3922             0
  3923             0
  3924             0
  3925             0
  3926             0
  3927             0
  3928             0
  3929             0
  3930             0
  3931             0
  3932             1
  3933             0
  3934             0
  3935             0
  3936             0
  3937             0
  3938             0
  3939             0
  3940             0
  3941             0
  3942             0
  3943             0
  3944             0
  3945             0
  3946             0
  3947             0
  3948             0
  3949             0
  3950             0
  3951             0
  3952             0
  3953             0
  3954             0
  3955             0
  3956             0
  3957             0
  3958             0
  3959             0
  3960             0
  3961             0
  3962             0
  3963             0
  3964             0
  3965             0
  3966             0
  3967             0
  3968             0
  3969             1
  3970             0
  3971             0
  3972             0
  3973             0
  3974             0
  3975             0
  3976             0
  3977             0
  3978             0
  3979             0
  3980             0
  3981             0
  3982             0
  3983             0
  3984             0
  3985             0
  3986             0
  3987             0
  3988             0
  3989             0
  3990             0
  3991             0
  3992             0
  3993             0
  3994             0
  3995             0
  3996             0
  3997             0
  3998             0
  3999             0
  4000             0
  4001             0
  4002             0
  4003             0
  4004             0
  4005             0
  4006             0
  4007             0
  4008             0
  4009             0
  4010             0
  4011             0
  4012             0
  4013             0
  4014             0
  4015             0
  4016             0
  4017             0
  4018             0
  4019             0
  4020             0
  4021             0
  4022             0
  4023             0
  4024             0
  4025             0
  4026             0
  4027             0
  4028             0
  4029             0
  4030             0
  4031             0
  4032             0
  4033             0
  4034             0
  4035             0
  4036             0
  4037             0
  4038             0
  4039             0
  4040             0
  4041             0
  4042             0
  4043             0
  4044             0
  4045             0
  4046             0
  4047             0
  4048             0
  4049             0
  4050             0
  4051             0
  4052             0
  4053             0
  4054             0
  4055             0
  4056             0
  4057             0
  4058             0
  4059             0
  4060             0
  4061             0
  4062             0
  4063             0
  4064             0
  4065             0
  4066             0
  4067             0
  4068             0
  4069             0
  4070             0
  4071             0
  4072             0
  4073             0
  4074             0
  4075             0
  4076             0
  4077             0
  4078             0
  4079             0
  4080             0
  4081             0
  4082             0
  4083             0
  4084             0
  4085             0
  4086             0
  4087             0
  4088             0
  4089             0
  4090             0
  4091             0
  4092             0
  4093             0
  4094             0
  4095             0
