     0             0
     1             0
     2             0
     3             0
     4             0
     5             0
     6             0
     7             0
     8             0
     9             0
    10             0
    11             0
    12             0
    13             0
    14             0
    15             0
    16             0
    17             0
    18             0
    19             0
    20             0
    21             0
    22             0
    23             0
    24             0
    25             0
    26             0
    27             0
    28             0
    29             0
    30             0
    31             0
    32             0
    33             0
    34             0
    35             0
    36             0
    37             0
    38             0
    39             0
    40             0
    41             0
    42             0
    43             0
    44             0
    45             0
    46             0
    47             0
    48             0
    49             0
    50             0
    51             0
    52             0
    53             0
    54             0
    55             0
    56             0
    57             0
    58             0
    59             0
    60             0
    61             0
    62             0
    63             0
    64             0
    65             0
    66             0
    67             0
    68             0
    69             0
    70             0
    71             0
    72             0
    73             0
    74             0
    75             0
    76             0
    77             0
    78             0
    79             0
    80             0
    81             0
    82             0
    83             0
    84             0
    85             0
    86             0
    87             0
    88             0
    89             0
    90             0
    91             0
    92             0
    93             0
    94             0
    95             0
    96             0
    97             0
    98             0
    99             0
   100             0
   101             0
   102             0
   103             0
   104             0
   105             0
   106             0
   107             0
   108             0
   109             0
   110             0
   111             0
   112             0
   113             0
   114             0
   115             0
   116             0
   117             0
   118             0
   119             0
   120             0
   121             0
   122             0
   123             0
   124             0
   125             0
   126             0
   127             0
   128             0
   129             0
   130             0
   131             0
   132             0
   133             0
   134             0
   135             0
   136             0
   137             0
   138             0
   139             0
   140             0
   141             0
   142             0
   143             0
   144             0
   145             0
   146             0
   147             0
   148             0
   149             0
   150             0
   151             0
   152             0
   153             0
   154             0
   155             0
   156             0
   157             0
   158             0
   159             0
   160             0
   161             0
   162             0
   163             0
   164             0
   165             0
   166             0
   167             0
   168             0
   169             0
   170             0
   171             0
   172             0
   173             0
   174             0
   175             0
   176             0
   177             0
   178             0
   179             0
   180             0
   181             0
   182             0
   183             0
   184             0
   185             0
   186             0
   187             0
   188             0
   189             0
   190             0
   191             0
   192             0
   193             0
   194             0
   195             0
   196             0
   197             0
   198             0
   199             0
   200             0
   201             0
   202             0
   203             0
   204             0
   205             0
   206             0
   207             0
   208             0
   209             0
   210             0
   211             0
   212             0
   213             0
   214             0
   215             0
   216             0
   217             0
   218             0
   219             0
   220             0
   221             0
   222             0
   223             0
   224             0
   225             0
   226             0
   227             0
   228             0
   229             0
   230             0
   231             0
   232             0
   233             0
   234             0
   235             0
   236             0
   237             0
   238             0
   239             0
   240             0
   241             0
   242             0
   243             0
   244             0
   245             0
   246             0
   247             0
   248             0
   249             0
   250             0
   251             0
   252             0
   253             0
   254             0
   255             0
   256             0
   257             0
   258             0
   259             0
   260             0
   261             0
   262             0
   263             0
   264             0
   265             0
   266             0
   267             0
   268             0
   269             0
   270             0
   271             0
   272             0
   273             0
   274             0
   275             0
   276             0
   277             0
   278             0
   279             0
   280             0
   281             0
   282             0
   283             0
   284             0
   285             0
   286             0
   287             0
   288             0
   289             0
   290             0
   291             0
   292             0
   293             0
   294             0
   295             0
   296             0
   297             0
   298             0
   299             0
   300             0
   301             0
   302             0
   303             0
   304             0
   305             0
   306             0
   307             0
   308             0
   309             0
   310             0
   311             0
   312             0
   313             0
   314             0
   315             0
   316             0
   317             0
   318             0
   319             0
   320             0
   321             0
   322             0
   323             0
   324             0
   325             0
   326             0
   327             0
   328             0
   329             0
   330             1
   331             0
   332             0
   333             0
   334             0
   335             0
   336             0
   337             0
   338             0
   339             0
   340             0
   341             0
   342             0
   343             0
   344             0
   345             0
   346             0
   347             0
   348             0
   349             0
   350             0
   351             0
   352             0
   353             0
   354             0
   355             0
   356             0
   357             0
   358             0
   359             0
   360             0
   361             0
   362             0
   363             0
   364             0
   365             0
   366             0
   367             0
   368             0
   369             0
   370             0
   371             0
   372             0
   373             0
   374             0
   375             0
   376             0
   377             0
   378             0
   379             0
   380             0
   381             0
   382             0
   383             0
   384             0
   385             0
   386             0
   387             0
   388             0
   389             0
   390             0
   391             0
   392             0
   393             0
   394             0
   395             0
   396             0
   397             0
   398             0
   399             0
   400             0
   401             0
   402             0
   403             0
   404             0
   405             0
   406             0
   407             0
   408             0
   409             0
   410             0
   411             0
   412             0
   413             0
   414             0
   415             0
   416             0
   417             0
   418             0
   419             0
   420             0
   421             0
   422             0
   423             0
   424             0
   425             0
   426             0
   427             0
   428             0
   429             0
   430             0
   431             0
   432             0
   433             0
   434             0
   435             0
   436             0
   437             0
   438             0
   439             0
   440             0
   441             0
   442             0
   443             0
   444             0
   445             0
   446             0
   447             0
   448             0
   449             0
   450             0
   451             0
   452             0
   453             0
   454             0
   455             0
   456             0
   457             0
   458             0
   459             0
   460             0
   461             0
   462             0
   463             0
   464             0
   465             0
   466             0
   467             0
   468             0
   469             0
   470             0
   471             0
   472             0
   473             0
   474             0
   475             0
   476             0
   477             0
   478             0
   479             0
   480             0
   481             0
   482             0
   483             0
   484             0
   485             0
   486             0
   487             0
   488             0
   489             0
   490             0
   491             0
   492             0
   493             0
   494             0
   495             0
   496             0
   497             0
   498             0
   499             0
   500             0
   501             0
   502             0
   503             0
   504             0
   505             2
   506             1
   507             1
   508             0
   509             1
   510             0
   511             1
   512             0
   513             2
   514             2
   515             0
   516             0
   517             0
   518             0
   519             0
   520             0
   521             0
   522             0
   523             0
   524             0
   525             0
   526             0
   527             0
   528             0
   529             0
   530             1
   531             0
   532             0
   533             0
   534             0
   535             0
   536             0
   537             0
   538             0
   539             0
   540             0
   541             0
   542             0
   543             0
   544             0
   545             0
   546             0
   547             0
   548             0
   549             0
   550             1
   551             0
   552             1
   553             1
   554             1
   555             0
   556             0
   557             0
   558             1
   559             0
   560             0
   561             0
   562             0
   563             0
   564             0
   565             0
   566             0
   567             0
   568             0
   569             1
   570             1
   571             1
   572             0
   573             0
   574             0
   575             0
   576             0
   577             0
   578             0
   579             0
   580             0
   581             0
   582             0
   583             0
   584             0
   585             1
   586             0
   587             0
   588             0
   589             0
   590             0
   591             1
   592             0
   593             0
   594             0
   595             0
   596             0
   597             0
   598             0
   599             0
   600             1
   601             1
   602             0
   603             0
   604             0
   605             0
   606             0
   607             0
   608             0
   609             0
   610             0
   611             0
   612             0
   613             0
   614             0
   615             0
   616             1
   617             0
   618             0
   619             0
   620             0
   621             0
   622             0
   623             1
   624             0
   625             0
   626             0
   627             1
   628             1
   629             0
   630             0
   631             0
   632             0
   633             0
   634             0
   635             1
   636             0
   637             0
   638             1
   639             2
   640             0
   641             0
   642             0
   643             0
   644             0
   645             0
   646             0
   647             0
   648             0
   649             1
   650             2
   651             0
   652             0
   653             0
   654             0
   655             0
   656             1
   657             0
   658             0
   659             0
   660             0
   661             0
   662             0
   663             2
   664             0
   665             0
   666             1
   667             0
   668             0
   669             1
   670             1
   671             0
   672             0
   673             0
   674             1
   675             0
   676             0
   677             0
   678             0
   679             1
   680             0
   681             0
   682             1
   683             0
   684             0
   685             1
   686             1
   687             1
   688             0
   689             0
   690             0
   691             0
   692             0
   693             0
   694             0
   695             0
   696             1
   697             0
   698             0
   699             0
   700             1
   701             1
   702             2
   703             0
   704             0
   705             0
   706             0
   707             0
   708             0
   709             0
   710             0
   711             0
   712             0
   713             1
   714             0
   715             1
   716             1
   717             0
   718             1
   719             0
   720             0
   721             0
   722             0
   723             0
   724             0
   725             0
   726             0
   727             1
   728             0
   729             0
   730             0
   731             0
   732             0
   733             0
   734             0
   735             1
   736             1
   737             0
   738             1
   739             1
   740             0
   741             0
   742             0
   743             1
   744             0
   745             1
   746             1
   747             0
   748             1
   749             0
   750             0
   751             0
   752             0
   753             1
   754             1
   755             1
   756             0
   757             0
   758             0
   759             1
   760             0
   761             0
   762             0
   763             0
   764             0
   765             2
   766             0
   767             1
   768             1
   769             0
   770             0
   771             0
   772             1
   773             0
   774             1
   775             1
   776             0
   777             0
   778             0
   779             0
   780             0
   781             0
   782             0
   783             0
   784             1
   785             1
   786             0
   787             1
   788             0
   789             0
   790             0
   791             1
   792             0
   793             0
   794             0
   795             2
   796             0
   797             0
   798             0
   799             0
   800             1
   801             1
   802             0
   803             0
   804             0
   805             1
   806             0
   807             0
   808             0
   809             0
   810             0
   811             1
   812             0
   813             0
   814             0
   815             0
   816             0
   817             0
   818             0
   819             1
   820             0
   821             3
   822             0
   823             0
   824             0
   825             0
   826             1
   827             0
   828             0
   829             0
   830             1
   831             0
   832             0
   833             0
   834             0
   835             0
   836             0
   837             0
   838             0
   839             0
   840             0
   841             0
   842             1
   843             0
   844             0
   845             1
   846             0
   847             0
   848             0
   849             0
   850             0
   851             0
   852             0
   853             0
   854             0
   855             0
   856             0
   857             0
   858             0
   859             0
   860             0
   861             0
   862             1
   863             0
   864             0
   865             0
   866             1
   867             2
   868             0
   869             1
   870             0
   871             0
   872             1
   873             0
   874             2
   875             0
   876             1
   877             0
   878             1
   879             1
   880             0
   881             1
   882             0
   883             0
   884             0
   885             0
   886             0
   887             0
   888             0
   889             0
   890             0
   891             0
   892             0
   893             0
   894             1
   895             0
   896             2
   897             0
   898             1
   899             1
   900             1
   901             1
   902             0
   903             2
   904             0
   905             0
   906             0
   907             0
   908             0
   909             0
   910             0
   911             0
   912             0
   913             0
   914             0
   915             0
   916             0
   917             0
   918             0
   919             0
   920             0
   921             2
   922             0
   923             0
   924             0
   925             1
   926             1
   927             0
   928             0
   929             0
   930             2
   931             0
   932             1
   933             1
   934             0
   935             0
   936             0
   937             0
   938             1
   939             0
   940             1
   941             1
   942             0
   943             0
   944             0
   945             0
   946             0
   947             0
   948             0
   949             0
   950             0
   951             0
   952             0
   953             1
   954             0
   955             0
   956             1
   957             0
   958             0
   959             1
   960             0
   961             0
   962             0
   963             0
   964             0
   965             0
   966             0
   967             0
   968             1
   969             1
   970             1
   971             1
   972             0
   973             1
   974             0
   975             0
   976             0
   977             0
   978             0
   979             1
   980             0
   981             0
   982             0
   983             0
   984             1
   985             0
   986             0
   987             1
   988             0
   989             0
   990             1
   991             0
   992             0
   993             2
   994             0
   995             0
   996             0
   997             2
   998             0
   999             0
  1000             1
  1001             0
  1002             0
  1003             0
  1004             0
  1005             1
  1006             0
  1007             0
  1008             0
  1009             1
  1010             0
  1011             0
  1012             0
  1013             2
  1014             0
  1015             2
  1016             0
  1017             1
  1018             0
  1019             0
  1020             1
  1021             0
  1022             0
  1023             0
  1024             0
  1025             0
  1026             0
  1027             1
  1028             0
  1029             0
  1030             1
  1031             0
  1032             1
  1033             0
  1034             0
  1035             0
  1036             0
  1037             2
  1038             1
  1039             0
  1040             1
  1041             0
  1042             1
  1043             1
  1044             0
  1045             0
  1046             0
  1047             1
  1048             1
  1049             0
  1050             1
  1051             0
  1052             0
  1053             0
  1054             1
  1055             0
  1056             0
  1057             0
  1058             1
  1059             0
  1060             0
  1061             0
  1062             0
  1063             0
  1064             1
  1065             0
  1066             0
  1067             1
  1068             0
  1069             0
  1070             0
  1071             0
  1072             1
  1073             0
  1074             0
  1075             0
  1076             1
  1077             0
  1078             0
  1079             0
  1080             4
  1081             0
  1082             0
  1083             1
  1084             0
  1085             1
  1086             1
  1087             0
  1088             0
  1089             1
  1090             0
  1091             0
  1092             1
  1093             1
  1094             0
  1095             0
  1096             1
  1097             0
  1098             0
  1099             1
  1100             0
  1101             0
  1102             1
  1103             0
  1104             0
  1105             0
  1106             0
  1107             0
  1108             0
  1109             1
  1110             0
  1111             2
  1112             0
  1113             0
  1114             1
  1115             0
  1116             1
  1117             0
  1118             0
  1119             0
  1120             1
  1121             0
  1122             0
  1123             0
  1124             0
  1125             1
  1126             1
  1127             0
  1128             0
  1129             0
  1130             0
  1131             1
  1132             0
  1133             1
  1134             2
  1135             0
  1136             0
  1137             0
  1138             0
  1139             0
  1140             0
  1141             0
  1142             0
  1143             0
  1144             0
  1145             0
  1146             1
  1147             1
  1148             1
  1149             0
  1150             0
  1151             1
  1152             0
  1153             0
  1154             1
  1155             0
  1156             0
  1157             0
  1158             0
  1159             0
  1160             1
  1161             0
  1162             0
  1163             1
  1164             0
  1165             0
  1166             0
  1167             0
  1168             3
  1169             0
  1170             0
  1171             1
  1172             0
  1173             1
  1174             1
  1175             0
  1176             0
  1177             1
  1178             0
  1179             1
  1180             0
  1181             0
  1182             0
  1183             1
  1184             1
  1185             1
  1186             1
  1187             1
  1188             1
  1189             1
  1190             0
  1191             1
  1192             0
  1193             1
  1194             0
  1195             0
  1196             0
  1197             1
  1198             1
  1199             2
  1200             0
  1201             0
  1202             0
  1203             0
  1204             0
  1205             1
  1206             0
  1207             0
  1208             0
  1209             0
  1210             1
  1211             0
  1212             0
  1213             0
  1214             0
  1215             0
  1216             2
  1217             0
  1218             0
  1219             0
  1220             0
  1221             0
  1222             0
  1223             0
  1224             0
  1225             0
  1226             1
  1227             0
  1228             2
  1229             0
  1230             0
  1231             0
  1232             2
  1233             0
  1234             1
  1235             0
  1236             0
  1237             0
  1238             0
  1239             0
  1240             0
  1241             0
  1242             1
  1243             2
  1244             0
  1245             0
  1246             0
  1247             2
  1248             1
  1249             0
  1250             0
  1251             0
  1252             1
  1253             0
  1254             0
  1255             0
  1256             0
  1257             0
  1258             1
  1259             0
  1260             0
  1261             0
  1262             0
  1263             1
  1264             1
  1265             1
  1266             0
  1267             0
  1268             0
  1269             0
  1270             0
  1271             0
  1272             1
  1273             0
  1274             0
  1275             1
  1276             1
  1277             1
  1278             1
  1279             2
  1280             1
  1281             0
  1282             0
  1283             0
  1284             0
  1285             1
  1286             1
  1287             1
  1288             0
  1289             0
  1290             1
  1291             0
  1292             0
  1293             0
  1294             0
  1295             0
  1296             0
  1297             0
  1298             0
  1299             0
  1300             0
  1301             4
  1302             0
  1303             1
  1304             0
  1305             0
  1306             0
  1307             0
  1308             1
  1309             1
  1310             0
  1311             1
  1312             0
  1313             0
  1314             0
  1315             0
  1316             0
  1317             0
  1318             2
  1319             0
  1320             1
  1321             1
  1322             0
  1323             1
  1324             0
  1325             2
  1326             1
  1327             2
  1328             1
  1329             2
  1330             2
  1331             2
  1332             1
  1333             1
  1334             0
  1335             0
  1336             1
  1337             0
  1338             1
  1339             2
  1340             1
  1341             0
  1342             0
  1343             0
  1344             1
  1345             0
  1346             0
  1347             1
  1348             1
  1349             0
  1350             0
  1351             0
  1352             0
  1353             2
  1354             0
  1355             2
  1356             0
  1357             2
  1358             0
  1359             0
  1360             1
  1361             2
  1362             1
  1363             0
  1364             0
  1365             1
  1366             0
  1367             0
  1368             2
  1369             1
  1370             0
  1371             0
  1372             2
  1373             1
  1374             1
  1375             1
  1376             3
  1377             1
  1378             0
  1379             0
  1380             0
  1381             3
  1382             0
  1383             1
  1384             1
  1385             3
  1386             2
  1387             2
  1388             0
  1389             1
  1390             2
  1391             1
  1392             0
  1393             0
  1394             1
  1395             1
  1396             1
  1397             1
  1398             0
  1399             0
  1400             1
  1401             3
  1402             1
  1403             0
  1404             1
  1405             0
  1406             0
  1407             2
  1408             0
  1409             0
  1410             1
  1411             2
  1412             0
  1413             0
  1414             2
  1415             2
  1416             0
  1417             1
  1418             2
  1419             1
  1420             1
  1421             1
  1422             1
  1423             2
  1424             2
  1425             2
  1426             3
  1427             1
  1428             2
  1429             0
  1430             2
  1431             2
  1432             3
  1433             4
  1434             1
  1435             3
  1436             1
  1437             0
  1438             4
  1439             1
  1440             0
  1441             1
  1442             3
  1443             4
  1444             2
  1445             1
  1446             3
  1447             4
  1448             2
  1449             4
  1450             2
  1451             4
  1452             3
  1453             7
  1454             1
  1455             4
  1456             2
  1457             2
  1458             3
  1459             3
  1460             3
  1461             6
  1462             4
  1463             3
  1464             2
  1465             0
  1466             2
  1467             1
  1468             3
  1469             0
  1470             2
  1471             3
  1472             2
  1473             4
  1474             4
  1475             2
  1476             2
  1477             5
  1478             2
  1479             5
  1480             4
  1481             4
  1482             5
  1483             3
  1484             4
  1485             9
  1486             6
  1487             6
  1488             3
  1489             2
  1490             6
  1491             5
  1492             4
  1493             5
  1494             6
  1495             1
  1496             4
  1497             5
  1498             5
  1499             6
  1500             4
  1501             3
  1502             5
  1503             4
  1504             4
  1505             9
  1506             7
  1507             8
  1508            10
  1509             7
  1510            10
  1511             7
  1512             3
  1513             6
  1514             7
  1515            12
  1516            10
  1517             9
  1518            10
  1519             7
  1520             7
  1521            15
  1522            11
  1523            10
  1524            18
  1525            18
  1526            13
  1527             6
  1528            13
  1529            13
  1530            16
  1531            20
  1532            17
  1533            14
  1534            24
  1535            22
  1536            27
  1537            26
  1538            25
  1539            30
  1540            33
  1541            20
  1542            39
  1543            32
  1544            36
  1545            41
  1546            35
  1547            32
  1548            33
  1549            40
  1550            41
  1551            32
  1552            45
  1553            53
  1554            52
  1555            59
  1556            66
  1557            51
  1558            60
  1559            63
  1560            56
  1561            91
  1562            77
  1563            62
  1564            65
  1565            92
  1566            85
  1567            84
  1568            80
  1569            95
  1570            97
  1571           115
  1572            93
  1573           129
  1574           121
  1575            99
  1576           111
  1577           124
  1578           110
  1579           104
  1580           136
  1581           128
  1582           133
  1583           123
  1584           122
  1585           107
  1586           139
  1587           136
  1588           118
  1589           117
  1590           130
  1591           107
  1592           143
  1593           102
  1594           131
  1595           115
  1596           110
  1597           111
  1598           119
  1599           102
  1600           113
  1601           105
  1602           115
  1603           101
  1604            98
  1605            98
  1606            84
  1607            82
  1608            87
  1609            81
  1610            88
  1611            91
  1612            75
  1613            68
  1614            74
  1615            56
  1616            56
  1617            61
  1618            31
  1619            39
  1620            45
  1621            34
  1622            47
  1623            35
  1624            35
  1625            46
  1626            33
  1627            27
  1628            22
  1629            35
  1630            27
  1631            34
  1632            21
  1633            28
  1634            20
  1635            17
  1636            14
  1637            19
  1638            13
  1639            13
  1640            13
  1641            16
  1642             9
  1643             8
  1644             8
  1645             7
  1646            11
  1647            13
  1648            19
  1649            13
  1650            12
  1651            16
  1652            11
  1653            13
  1654             9
  1655            12
  1656            16
  1657            19
  1658            19
  1659            14
  1660             9
  1661            20
  1662            20
  1663            26
  1664            19
  1665            30
  1666            13
  1667            23
  1668            29
  1669            21
  1670            21
  1671            23
  1672            28
  1673            30
  1674            21
  1675            37
  1676            25
  1677            37
  1678            17
  1679            43
  1680            39
  1681            30
  1682            30
  1683            44
  1684            54
  1685            50
  1686            53
  1687            58
  1688            71
  1689            56
  1690            64
  1691            75
  1692            64
  1693            51
  1694            61
  1695            86
  1696            89
  1697           107
  1698            78
  1699            83
  1700            94
  1701           106
  1702            78
  1703            84
  1704            99
  1705           102
  1706           110
  1707           101
  1708           113
  1709           100
  1710           103
  1711           106
  1712           104
  1713           111
  1714           108
  1715            90
  1716           102
  1717           117
  1718           131
  1719           117
  1720           107
  1721           105
  1722           114
  1723            90
  1724           117
  1725           108
  1726            95
  1727            88
  1728            92
  1729            96
  1730            86
  1731            84
  1732            99
  1733            90
  1734            82
  1735            74
  1736            67
  1737            79
  1738            73
  1739            56
  1740            68
  1741            68
  1742            62
  1743            67
  1744            59
  1745            48
  1746            55
  1747            58
  1748            54
  1749            51
  1750            41
  1751            38
  1752            33
  1753            39
  1754            31
  1755            34
  1756            34
  1757            26
  1758            23
  1759            36
  1760            32
  1761            26
  1762            29
  1763            17
  1764            28
  1765            31
  1766            16
  1767            20
  1768            27
  1769            30
  1770            22
  1771            24
  1772            22
  1773            14
  1774            21
  1775            28
  1776            20
  1777            17
  1778            22
  1779            30
  1780            23
  1781            18
  1782            21
  1783            18
  1784            27
  1785            27
  1786            18
  1787            22
  1788            28
  1789            29
  1790            28
  1791            23
  1792            21
  1793            28
  1794            34
  1795            31
  1796            30
  1797            43
  1798            36
  1799            56
  1800            37
  1801            36
  1802            42
  1803            41
  1804            53
  1805            51
  1806            50
  1807            47
  1808            53
  1809            52
  1810            61
  1811            52
  1812            68
  1813            64
  1814            55
  1815            66
  1816            75
  1817            89
  1818           101
  1819            86
  1820            82
  1821            80
  1822           108
  1823           113
  1824           101
  1825            91
  1826            96
  1827           132
  1828           105
  1829           121
  1830           117
  1831           117
  1832           121
  1833           129
  1834           108
  1835           133
  1836           143
  1837           140
  1838           123
  1839           135
  1840           144
  1841           138
  1842           135
  1843           146
  1844           125
  1845           131
  1846           154
  1847           158
  1848           132
  1849           152
  1850           146
  1851           132
  1852           136
  1853           139
  1854           120
  1855           138
  1856           105
  1857           110
  1858           127
  1859           112
  1860           122
  1861           124
  1862            92
  1863           132
  1864            93
  1865           105
  1866           101
  1867            91
  1868            81
  1869            72
  1870            72
  1871            70
  1872            69
  1873            68
  1874            48
  1875            63
  1876            50
  1877            60
  1878            45
  1879            49
  1880            50
  1881            39
  1882            40
  1883            27
  1884            32
  1885            19
  1886            29
  1887            30
  1888            32
  1889            12
  1890            21
  1891            19
  1892            20
  1893            18
  1894            17
  1895            15
  1896            14
  1897             8
  1898             9
  1899            13
  1900             6
  1901             9
  1902            11
  1903            10
  1904             6
  1905            12
  1906            11
  1907            12
  1908            11
  1909            15
  1910            13
  1911            11
  1912            11
  1913             5
  1914             4
  1915             6
  1916             8
  1917             5
  1918             7
  1919            13
  1920             3
  1921            10
  1922            10
  1923             7
  1924             9
  1925             7
  1926             4
  1927             8
  1928             8
  1929             3
  1930             6
  1931            11
  1932             9
  1933             2
  1934             4
  1935             2
  1936             8
  1937             3
  1938             5
  1939             2
  1940             1
  1941             2
  1942             1
  1943             4
  1944             5
  1945             5
  1946             2
  1947             7
  1948             2
  1949             2
  1950             2
  1951             3
  1952             2
  1953             5
  1954             4
  1955             2
  1956             4
  1957             4
  1958             0
  1959             2
  1960             1
  1961             3
  1962             2
  1963             2
  1964             1
  1965             0
  1966             1
  1967             1
  1968             0
  1969             3
  1970             1
  1971             3
  1972             4
  1973             1
  1974             3
  1975             1
  1976             0
  1977             0
  1978             2
  1979             0
  1980             1
  1981             2
  1982             0
  1983             2
  1984             0
  1985             1
  1986             3
  1987             0
  1988             0
  1989             1
  1990             1
  1991             1
  1992             0
  1993             0
  1994             0
  1995             0
  1996             1
  1997             2
  1998             1
  1999             1
  2000             0
  2001             1
  2002             2
  2003             1
  2004             0
  2005             0
  2006             2
  2007             0
  2008             0
  2009             1
  2010             1
  2011             1
  2012             0
  2013             0
  2014             1
  2015             1
  2016             0
  2017             0
  2018             1
  2019             1
  2020             0
  2021             2
  2022             2
  2023             0
  2024             0
  2025             1
  2026             3
  2027             1
  2028             0
  2029             0
  2030             1
  2031             2
  2032             2
  2033             1
  2034             6
  2035             0
  2036             2
  2037             0
  2038             0
  2039             5
  2040             2
  2041             2
  2042             2
  2043             0
  2044             5
  2045             4
  2046             1
  2047             2
  2048             2
  2049             1
  2050             1
  2051             2
  2052             7
  2053             0
  2054             2
  2055             5
  2056             3
  2057             2
  2058             6
  2059             2
  2060             3
  2061             1
  2062             2
  2063             2
  2064             2
  2065             1
  2066             5
  2067             2
  2068             5
  2069             1
  2070             2
  2071             4
  2072             0
  2073             2
  2074             1
  2075             2
  2076             2
  2077             3
  2078             0
  2079             0
  2080             1
  2081             0
  2082             1
  2083             2
  2084             3
  2085             4
  2086             1
  2087             2
  2088             2
  2089             1
  2090             3
  2091             0
  2092             1
  2093             5
  2094             3
  2095             4
  2096             2
  2097             0
  2098             2
  2099             2
  2100             3
  2101             2
  2102             2
  2103             2
  2104             1
  2105             1
  2106             6
  2107             1
  2108             2
  2109             2
  2110             6
  2111             6
  2112             4
  2113             1
  2114             1
  2115             5
  2116             2
  2117             3
  2118             2
  2119             4
  2120             5
  2121             4
  2122             8
  2123             4
  2124             7
  2125             6
  2126             2
  2127             3
  2128             7
  2129             6
  2130             5
  2131             9
  2132             7
  2133             5
  2134             1
  2135            12
  2136             6
  2137             3
  2138             9
  2139             5
  2140             7
  2141             3
  2142             7
  2143             3
  2144             8
  2145            10
  2146             6
  2147             5
  2148            11
  2149             8
  2150             5
  2151            10
  2152             8
  2153             6
  2154             4
  2155             8
  2156             5
  2157             7
  2158             3
  2159             7
  2160             6
  2161             6
  2162             8
  2163             3
  2164             4
  2165             5
  2166             3
  2167             3
  2168             6
  2169             5
  2170             2
  2171             5
  2172             2
  2173             6
  2174             2
  2175             2
  2176             3
  2177             6
  2178             1
  2179             3
  2180             3
  2181             0
  2182             1
  2183             2
  2184             2
  2185             1
  2186             1
  2187             1
  2188             0
  2189             2
  2190             2
  2191             2
  2192             1
  2193             1
  2194             0
  2195             0
  2196             1
  2197             2
  2198             0
  2199             0
  2200             1
  2201             1
  2202             0
  2203             0
  2204             0
  2205             1
  2206             0
  2207             2
  2208             1
  2209             0
  2210             0
  2211             0
  2212             0
  2213             0
  2214             0
  2215             0
  2216             1
  2217             0
  2218             0
  2219             0
  2220             0
  2221             0
  2222             0
  2223             0
  2224             0
  2225             0
  2226             0
  2227             0
  2228             0
  2229             1
  2230             0
  2231             0
  2232             0
  2233             0
  2234             0
  2235             0
  2236             1
  2237             1
  2238             2
  2239             0
  2240             1
  2241             0
  2242             1
  2243             0
  2244             0
  2245             0
  2246             0
  2247             0
  2248             0
  2249             0
  2250             1
  2251             0
  2252             1
  2253             1
  2254             0
  2255             0
  2256             3
  2257             0
  2258             0
  2259             0
  2260             2
  2261             0
  2262             1
  2263             1
  2264             0
  2265             1
  2266             1
  2267             1
  2268             0
  2269             2
  2270             0
  2271             0
  2272             0
  2273             1
  2274             0
  2275             2
  2276             0
  2277             4
  2278             2
  2279             1
  2280             2
  2281             1
  2282             3
  2283             6
  2284             2
  2285             5
  2286             1
  2287             3
  2288             2
  2289             4
  2290             4
  2291             0
  2292             5
  2293             4
  2294             6
  2295             4
  2296             5
  2297             2
  2298             1
  2299             4
  2300             5
  2301            11
  2302             4
  2303             6
  2304             5
  2305             4
  2306             5
  2307             6
  2308             9
  2309             1
  2310             5
  2311            11
  2312             4
  2313            12
  2314             5
  2315             5
  2316             7
  2317             8
  2318             8
  2319             5
  2320             8
  2321             8
  2322             5
  2323             6
  2324            12
  2325             5
  2326             4
  2327            10
  2328             6
  2329             7
  2330             4
  2331            10
  2332             3
  2333             3
  2334            10
  2335             4
  2336             4
  2337             5
  2338             2
  2339             7
  2340             1
  2341             2
  2342             4
  2343             1
  2344             7
  2345             2
  2346             3
  2347             7
  2348             5
  2349             6
  2350             3
  2351             2
  2352             2
  2353             1
  2354             4
  2355             1
  2356             1
  2357             1
  2358             0
  2359             1
  2360             2
  2361             1
  2362             1
  2363             2
  2364             1
  2365             0
  2366             0
  2367             1
  2368             1
  2369             1
  2370             2
  2371             1
  2372             2
  2373             1
  2374             1
  2375             0
  2376             2
  2377             0
  2378             1
  2379             1
  2380             0
  2381             0
  2382             2
  2383             2
  2384             2
  2385             1
  2386             0
  2387             2
  2388             1
  2389             2
  2390             1
  2391             1
  2392             1
  2393             1
  2394             0
  2395             0
  2396             1
  2397             1
  2398             1
  2399             3
  2400             1
  2401             1
  2402             3
  2403             2
  2404             0
  2405             1
  2406             1
  2407             1
  2408             1
  2409             1
  2410             0
  2411             3
  2412             4
  2413             2
  2414             2
  2415             0
  2416             1
  2417             1
  2418             4
  2419             4
  2420             1
  2421             4
  2422             1
  2423             1
  2424             3
  2425             0
  2426             5
  2427             6
  2428             1
  2429             4
  2430             2
  2431             7
  2432             4
  2433             2
  2434             1
  2435             3
  2436             5
  2437             4
  2438             9
  2439             7
  2440             7
  2441            12
  2442             8
  2443            11
  2444            12
  2445            12
  2446            14
  2447            13
  2448            14
  2449            14
  2450            15
  2451            24
  2452            21
  2453            24
  2454            24
  2455            27
  2456            25
  2457            34
  2458            30
  2459            31
  2460            45
  2461            28
  2462            27
  2463            34
  2464            41
  2465            62
  2466            43
  2467            56
  2468            54
  2469            60
  2470            56
  2471            57
  2472            70
  2473            59
  2474            82
  2475            80
  2476            80
  2477            74
  2478           107
  2479            91
  2480            75
  2481           110
  2482           127
  2483           113
  2484            99
  2485           103
  2486           110
  2487           104
  2488           107
  2489           132
  2490           110
  2491           135
  2492           125
  2493           136
  2494           132
  2495           141
  2496           119
  2497           119
  2498           132
  2499           108
  2500           136
  2501           136
  2502           140
  2503           111
  2504           136
  2505           128
  2506           115
  2507           117
  2508           105
  2509           112
  2510           100
  2511           114
  2512            90
  2513           105
  2514            83
  2515            89
  2516            94
  2517            82
  2518            75
  2519            73
  2520            59
  2521            68
  2522            50
  2523            62
  2524            59
  2525            40
  2526            48
  2527            33
  2528            33
  2529            42
  2530            39
  2531            36
  2532            25
  2533            21
  2534            18
  2535            20
  2536            15
  2537            16
  2538            19
  2539            12
  2540             8
  2541             8
  2542             7
  2543            11
  2544             9
  2545             4
  2546             5
  2547             4
  2548             4
  2549             3
  2550             4
  2551             2
  2552             1
  2553             6
  2554             2
  2555             0
  2556             2
  2557             0
  2558             0
  2559             1
  2560             0
  2561             0
  2562             1
  2563             0
  2564             0
  2565             0
  2566             1
  2567             1
  2568             0
  2569             0
  2570             0
  2571             0
  2572             0
  2573             1
  2574             0
  2575             0
  2576             1
  2577             1
  2578             0
  2579             0
  2580             0
  2581             0
  2582             0
  2583             0
  2584             0
  2585             0
  2586             0
  2587             0
  2588             0
  2589             0
  2590             0
  2591             0
  2592             0
  2593             0
  2594             0
  2595             0
  2596             0
  2597             1
  2598             0
  2599             0
  2600             0
  2601             0
  2602             0
  2603             0
  2604             0
  2605             0
  2606             1
  2607             0
  2608             0
  2609             0
  2610             0
  2611             0
  2612             0
  2613             0
  2614             0
  2615             0
  2616             0
  2617             0
  2618             0
  2619             0
  2620             0
  2621             0
  2622             0
  2623             0
  2624             1
  2625             0
  2626             0
  2627             0
  2628             0
  2629             0
  2630             0
  2631             0
  2632             0
  2633             0
  2634             0
  2635             0
  2636             0
  2637             0
  2638             0
  2639             0
  2640             0
  2641             0
  2642             0
  2643             0
  2644             0
  2645             0
  2646             0
  2647             0
  2648             0
  2649             0
  2650             0
  2651             0
  2652             0
  2653             0
  2654             0
  2655             0
  2656             0
  2657             0
  2658             0
  2659             0
  2660             0
  2661             0
  2662             0
  2663             0
  2664             0
  2665             0
  2666             0
  2667             0
  2668             0
  2669             0
  2670             0
  2671             0
  2672             0
  2673             0
  2674             0
  2675             0
  2676             0
  2677             0
  2678             0
  2679             0
  2680             0
  2681             0
  2682             0
  2683             1
  2684             0
  2685             0
  2686             0
  2687             0
  2688             0
  2689             0
  2690             0
  2691             0
  2692             0
  2693             0
  2694             0
  2695             0
  2696             0
  2697             0
  2698             0
  2699             0
  2700             0
  2701             1
  2702             0
  2703             0
  2704             0
  2705             0
  2706             0
  2707             0
  2708             0
  2709             0
  2710             0
  2711             0
  2712             0
  2713             0
  2714             0
  2715             1
  2716             0
  2717             0
  2718             0
  2719             0
  2720             0
  2721             0
  2722             0
  2723             0
  2724             0
  2725             0
  2726             0
  2727             0
  2728             0
  2729             0
  2730             0
  2731             0
  2732             0
  2733             0
  2734             0
  2735             0
  2736             1
  2737             0
  2738             0
  2739             0
  2740             1
  2741             0
  2742             0
  2743             0
  2744             0
  2745             0
  2746             0
  2747             0
  2748             0
  2749             0
  2750             0
  2751             0
  2752             0
  2753             0
  2754             0
  2755             0
  2756             0
  2757             0
  2758             0
  2759             0
  2760             0
  2761             0
  2762             1
  2763             0
  2764             0
  2765             0
  2766             0
  2767             0
  2768             0
  2769             0
  2770             0
  2771             0
  2772             0
  2773             0
  2774             0
  2775             0
  2776             0
  2777             0
  2778             0
  2779             0
  2780             1
  2781             0
  2782             0
  2783             0
  2784             0
  2785             0
  2786             0
  2787             1
  2788             0
  2789             0
  2790             0
  2791             0
  2792             2
  2793             0
  2794             0
  2795             0
  2796             0
  2797             0
  2798             0
  2799             0
  2800             0
  2801             0
  2802             1
  2803             0
  2804             0
  2805             0
  2806             0
  2807             0
  2808             0
  2809             0
  2810             0
  2811             0
  2812             0
  2813             0
  2814             0
  2815             0
  2816             0
  2817             0
  2818             0
  2819             0
  2820             0
  2821             0
  2822             0
  2823             0
  2824             0
  2825             0
  2826             0
  2827             0
  2828             0
  2829             0
  2830             0
  2831             0
  2832             0
  2833             1
  2834             0
  2835             0
  2836             0
  2837             0
  2838             0
  2839             0
  2840             0
  2841             0
  2842             0
  2843             0
  2844             0
  2845             0
  2846             0
  2847             0
  2848             0
  2849             0
  2850             3
  2851             0
  2852             1
  2853             0
  2854             0
  2855             0
  2856             0
  2857             0
  2858             0
  2859             0
  2860             0
  2861             0
  2862             0
  2863             0
  2864             1
  2865             0
  2866             0
  2867             1
  2868             0
  2869             0
  2870             0
  2871             0
  2872             1
  2873             1
  2874             0
  2875             2
  2876             1
  2877             1
  2878             1
  2879             2
  2880             0
  2881             0
  2882             1
  2883             2
  2884             0
  2885             3
  2886             0
  2887             0
  2888             1
  2889             0
  2890             0
  2891             1
  2892             0
  2893             1
  2894             0
  2895             2
  2896             0
  2897             1
  2898             1
  2899             2
  2900             0
  2901             1
  2902             0
  2903             1
  2904             2
  2905             1
  2906             0
  2907             0
  2908             0
  2909             0
  2910             0
  2911             0
  2912             2
  2913             1
  2914             0
  2915             0
  2916             1
  2917             0
  2918             0
  2919             0
  2920             2
  2921             0
  2922             0
  2923             0
  2924             1
  2925             0
  2926             0
  2927             1
  2928             0
  2929             1
  2930             0
  2931             1
  2932             1
  2933             0
  2934             1
  2935             0
  2936             1
  2937             0
  2938             0
  2939             0
  2940             0
  2941             0
  2942             0
  2943             1
  2944             0
  2945             0
  2946             0
  2947             0
  2948             0
  2949             0
  2950             0
  2951             1
  2952             0
  2953             0
  2954             1
  2955             1
  2956             0
  2957             2
  2958             2
  2959             0
  2960             0
  2961             1
  2962             1
  2963             0
  2964             0
  2965             1
  2966             1
  2967             0
  2968             2
  2969             0
  2970             1
  2971             1
  2972             0
  2973             1
  2974             2
  2975             0
  2976             0
  2977             1
  2978             0
  2979             1
  2980             1
  2981             0
  2982             1
  2983             0
  2984             1
  2985             1
  2986             0
  2987             0
  2988             0
  2989             0
  2990             1
  2991             2
  2992             1
  2993             2
  2994             3
  2995             1
  2996             1
  2997             1
  2998             1
  2999             4
  3000             0
  3001             1
  3002             4
  3003             1
  3004             1
  3005             3
  3006             2
  3007             1
  3008             1
  3009             3
  3010             2
  3011             3
  3012             3
  3013             4
  3014             3
  3015             5
  3016             3
  3017             4
  3018             4
  3019             3
  3020             0
  3021             4
  3022             2
  3023             5
  3024             3
  3025             0
  3026             6
  3027             2
  3028             4
  3029             4
  3030             2
  3031             3
  3032             1
  3033             1
  3034             6
  3035             2
  3036             2
  3037             4
  3038             2
  3039             6
  3040             5
  3041             3
  3042             2
  3043             5
  3044             4
  3045             4
  3046             3
  3047             3
  3048             4
  3049             3
  3050             3
  3051             4
  3052             5
  3053             3
  3054             2
  3055             4
  3056             1
  3057             4
  3058             2
  3059             3
  3060             5
  3061             2
  3062             2
  3063             3
  3064             2
  3065             7
  3066             0
  3067             2
  3068             1
  3069             3
  3070             2
  3071             0
  3072             0
  3073             1
  3074             0
  3075             3
  3076             1
  3077             0
  3078             0
  3079             0
  3080             0
  3081             0
  3082             1
  3083             0
  3084             0
  3085             1
  3086             1
  3087             0
  3088             0
  3089             0
  3090             0
  3091             1
  3092             0
  3093             0
  3094             1
  3095             0
  3096             0
  3097             0
  3098             0
  3099             0
  3100             2
  3101             1
  3102             0
  3103             0
  3104             0
  3105             0
  3106             0
  3107             0
  3108             0
  3109             0
  3110             0
  3111             1
  3112             0
  3113             0
  3114             0
  3115             0
  3116             0
  3117             0
  3118             0
  3119             0
  3120             0
  3121             0
  3122             0
  3123             0
  3124             0
  3125             0
  3126             0
  3127             0
  3128             0
  3129             0
  3130             0
  3131             0
  3132             0
  3133             0
  3134             1
  3135             0
  3136             0
  3137             0
  3138             0
  3139             0
  3140             0
  3141             0
  3142             0
  3143             0
  3144             0
  3145             0
  3146             0
  3147             0
  3148             0
  3149             0
  3150             0
  3151             0
  3152             0
  3153             0
  3154             0
  3155             0
  3156             0
  3157             0
  3158             0
  3159             0
  3160             0
  3161             0
  3162             0
  3163             1
  3164             0
  3165             0
  3166             0
  3167             0
  3168             0
  3169             0
  3170             0
  3171             0
  3172             0
  3173             1
  3174             0
  3175             0
  3176             1
  3177             0
  3178             0
  3179             0
  3180             0
  3181             0
  3182             0
  3183             0
  3184             0
  3185             0
  3186             0
  3187             0
  3188             0
  3189             0
  3190             0
  3191             0
  3192             0
  3193             0
  3194             0
  3195             0
  3196             0
  3197             0
  3198             0
  3199             0
  3200             0
  3201             0
  3202             0
  3203             0
  3204             0
  3205             0
  3206             0
  3207             0
  3208             0
  3209             0
  3210             0
  3211             0
  3212             0
  3213             0
  3214             0
  3215             0
  3216             0
  3217             1
  3218             0
  3219             0
  3220             0
  3221             0
  3222             0
  3223             0
  3224             1
  3225             0
  3226             0
  3227             0
  3228             0
  3229             0
  3230             0
  3231             0
  3232             0
  3233             0
  3234             0
  3235             0
  3236             0
  3237             0
  3238             0
  3239             0
  3240             0
  3241             0
  3242             0
  3243             0
  3244             0
  3245             0
  3246             0
  3247             0
  3248             0
  3249             0
  3250             0
  3251             0
  3252             0
  3253             0
  3254             0
  3255             0
  3256             0
  3257             0
  3258             0
  3259             0
  3260             0
  3261             0
  3262             0
  3263             0
  3264             0
  3265             0
  3266             0
  3267             0
  3268             0
  3269             0
  3270             0
  3271             0
  3272             0
  3273             0
  3274             0
  3275             0
  3276             0
  3277             0
  3278             0
  3279             0
  3280             0
  3281             0
  3282             0
  3283             1
  3284             0
  3285             0
  3286             0
  3287             0
  3288             0
  3289             0
  3290             0
  3291             0
  3292             0
  3293             0
  3294             0
  3295             0
  3296             0
  3297             0
  3298             0
  3299             0
  3300             0
  3301             0
  3302             0
  3303             0
  3304             0
  3305             0
  3306             1
  3307             0
  3308             0
  3309             0
  3310             0
  3311             0
  3312             0
  3313             0
  3314             0
  3315             0
  3316             0
  3317             0
  3318             0
  3319             0
  3320             0
  3321             0
  3322             0
  3323             0
  3324             0
  3325             0
  3326             0
  3327             0
  3328             0
  3329             0
  3330             0
  3331             0
  3332             0
  3333             0
  3334             0
  3335             0
  3336             0
  3337             0
  3338             0
  3339             0
  3340             0
  3341             0
  3342             0
  3343             0
  3344             0
  3345             0
  3346             0
  3347             0
  3348             0
  3349             0
  3350             0
  3351             0
  3352             0
  3353             0
  3354             0
  3355             0
  3356             0
  3357             0
  3358             0
  3359             0
  3360             0
  3361             0
  3362             0
  3363             1
  3364             0
  3365             0
  3366             0
  3367             0
  3368             0
  3369             0
  3370             0
  3371             0
  3372             0
  3373             0
  3374             0
  3375             1
  3376             0
  3377             0
  3378             0
  3379             0
  3380             0
  3381             0
  3382             0
  3383             0
  3384             1
  3385             0
  3386             0
  3387             0
  3388             0
  3389             0
  3390             0
  3391             0
  3392             0
  3393             0
  3394             0
  3395             0
  3396             0
  3397             0
  3398             0
  3399             0
  3400             0
  3401             0
  3402             0
  3403             0
  3404             0
  3405             0
  3406             0
  3407             0
  3408             0
  3409             0
  3410             0
  3411             0
  3412             0
  3413             0
  3414             0
  3415             0
  3416             0
  3417             0
  3418             0
  3419             0
  3420             0
  3421             0
  3422             0
  3423             0
  3424             0
  3425             0
  3426             0
  3427             0
  3428             0
  3429             0
  3430             0
  3431             0
  3432             0
  3433             0
  3434             0
  3435             0
  3436             0
  3437             0
  3438             1
  3439             0
  3440             0
  3441             0
  3442             0
  3443             0
  3444             0
  3445             0
  3446             0
  3447             0
  3448             0
  3449             0
  3450             0
  3451             0
  3452             0
  3453             0
  3454             0
  3455             0
  3456             0
  3457             0
  3458             0
  3459             0
  3460             0
  3461             0
  3462             0
  3463             0
  3464             0
  3465             0
  3466             0
  3467             0
  3468             0
  3469             0
  3470             0
  3471             0
  3472             0
  3473             0
  3474             0
  3475             0
  3476             0
  3477             0
  3478             0
  3479             0
  3480             0
  3481             0
  3482             0
  3483             0
  3484             0
  3485             0
  3486             0
  3487             0
  3488             0
  3489             0
  3490             0
  3491             0
  3492             0
  3493             0
  3494             0
  3495             0
  3496             0
  3497             0
  3498             0
  3499             0
  3500             0
  3501             0
  3502             0
  3503             0
  3504             0
  3505             0
  3506             0
  3507             0
  3508             0
  3509             0
  3510             0
  3511             0
  3512             0
  3513             0
  3514             0
  3515             1
  3516             0
  3517             0
  3518             0
  3519             0
  3520             0
  3521             0
  3522             0
  3523             0
  3524             0
  3525             0
  3526             0
  3527             0
  3528             0
  3529             0
  3530             0
  3531             0
  3532             0
  3533             0
  3534             0
  3535             0
  3536             0
  3537             0
  3538             0
  3539             0
  3540             0
  3541             0
  3542             0
  3543             0
  3544             0
  3545             0
  3546             0
  3547             0
  3548             0
  3549             0
  3550             0
  3551             0
  3552             0
  3553             0
  3554             0
  3555             0
  3556             0
  3557             0
  3558             0
  3559             0
  3560             0
  3561             0
  3562             0
  3563             0
  3564             0
  3565             0
  3566             0
  3567             0
  3568             0
  3569             0
  3570             0
  3571             0
  3572             0
  3573             0
  3574             0
  3575             0
  3576             0
  3577             0
  3578             0
  3579             0
  3580             0
  3581             0
  3582             0
  3583             0
  3584             0
  3585             0
  3586             0
  3587             0
  3588             0
  3589             0
  3590             0
  3591             1
  3592             0
  3593             0
  3594             0
  3595             1
  3596             0
  3597             0
  3598             0
  3599             0
  3600             0
  3601             0
  3602             0
  3603             0
  3604             0
  3605             0
  3606             0
  3607             0
  3608             0
  3609             0
  3610             0
  3611             0
  3612             0
  3613             0
  3614             0
  3615             0
  3616             0
  3617             0
  3618             0
  3619             1
  3620             0
  3621             0
  3622             0
  3623             0
  3624             0
  3625             0
  3626             0
  3627             0
  3628             0
  3629             0
  3630             0
  3631             0
  3632             0
  3633             0
  3634             0
  3635             0
  3636             0
  3637             0
  3638             0
  3639             0
  3640             0
  3641             0
  3642             0
  3643             0
  3644             0
  3645             0
  3646             0
  3647             0
  3648             0
  3649             0
  3650             0
  3651             0
  3652             0
  3653             0
  3654             0
  3655             0
  3656             0
  3657             0
  3658             0
  3659             0
  3660             0
  3661             0
  3662             0
  3663             0
  3664             0
  3665             0
  3666             0
  3667             0
  3668             0
  3669             0
  3670             0
  3671             0
  3672             0
  3673             0
  3674             0
  3675             0
  3676             0
  3677             0
  3678             1
  3679             0
  3680             0
  3681             0
  3682             0
  3683             0
  3684             0
  3685             0
  3686             0
  3687             0
  3688             0
  3689             0
  3690             0
  3691             0
  3692             0
  3693             0
  3694             0
  3695             0
  3696             0
  3697             0
  3698             0
  3699             0
  3700             0
  3701             1
  3702             0
  3703             0
  3704             0
  3705             0
  3706             0
  3707             0
  3708             0
  3709             0
  3710             0
  3711             0
  3712             0
  3713             0
  3714             0
  3715             0
  3716             0
  3717             0
  3718             0
  3719             0
  3720             0
  3721             0
  3722             0
  3723             0
  3724             0
  3725             0
  3726             0
  3727             0
  3728             0
  3729             0
  3730             0
  3731             0
  3732             0
  3733             0
  3734             0
  3735             0
  3736             0
  3737             0
  3738             0
  3739             0
  3740             0
  3741             0
  3742             0
  3743             0
  3744             0
  3745             0
  3746             0
  3747             0
  3748             0
  3749             0
  3750             0
  3751             0
  3752             0
  3753             0
  3754             0
  3755             0
  3756             0
  3757             0
  3758             0
  3759             0
  3760             0
  3761             0
  3762             0
  3763             0
  3764             0
  3765             0
  3766             0
  3767             0
  3768             0
  3769             0
  3770             0
  3771             0
  3772             0
  3773             0
  3774             0
  3775             0
  3776             0
  3777             0
  3778             0
  3779             0
  3780             0
  3781             0
  3782             0
  3783             0
  3784             0
  3785             0
  3786             0
  3787             0
  3788             0
  3789             0
  3790             0
  3791             0
  3792             0
  3793             0
  3794             0
  3795             0
  3796             0
  3797             0
  3798             0
  3799             0
  3800             0
  3801             0
  3802             0
  3803             0
  3804             0
  3805             0
  3806             0
  3807             0
  3808             0
  3809             0
  3810             0
  3811             0
  3812             0
  3813             0
  3814             0
  3815             0
  3816             0
  3817             0
  3818             0
  3819             0
  3820             0
  3821             0
  3822             0
  3823             0
  3824             0
  3825             0
  3826             0
  3827             0
  3828             0
  3829             0
  3830             0
  3831             0
  3832             0
  3833             0
  3834             0
  3835             0
  3836             0
  3837             0
  3838             0
  3839             0
  3840             0
  3841             0
  3842             0
  3843             0
  3844             0
  3845             0
  3846             0
  3847             0
  3848             0
  3849             0
  3850             0
  3851             0
  3852             0
  3853             0
  3854             0
  3855             0
  3856             0
  3857             0
  3858             1
  3859             0
  3860             0
  3861             0
  3862             0
  3863             0
  3864             1
  3865             0
  3866             0
  3867             0
  3868             0
  3869             0
  3870             0
  3871             1
  3872             0
  3873             0
  3874             0
  3875             0
  3876             0
  3877             0
  3878             0
  3879             0
  3880             0
  3881             0
  3882             0
  3883             0
  3884             0
  3885             0
  3886             0
  3887             0
  3888             0
  3889             0
  3890             0
  3891             0
  3892             0
  3893             0
  3894             0
  3895             0
  3896             0
  3897             0
  3898             0
  3899             0
  3900             0
  3901             0
  3902             0
  3903             0
  3904             0
  3905             0
  3906             0
  3907             0
  3908             0
  3909             0
  3910             0
  3911             0
  3912             0
  3913             0
  3914             0
  3915             0
  3916             0
  3917             0
  3918             0
  3919             0
  3920             0
  3921             0
  3922             0
  3923             0
  3924             0
  3925             0
  3926             0
  3927             0
  3928             0
  3929             0
  3930             0
  3931             0
  3932             0
  3933             0
  3934             0
  3935             0
  3936             0
  3937             0
  3938             0
  3939             0
  3940             0
  3941             0
  3942             0
  3943             0
  3944             0
  3945             0
  3946             0
  3947             0
  3948             0
  3949             0
  3950             0
  3951             0
  3952             0
  3953             0
  3954             0
  3955             0
  3956             0
  3957             0
  3958             0
  3959             0
  3960             0
  3961             0
  3962             0
  3963             0
  3964             0
  3965             0
  3966             0
  3967             0
  3968             0
  3969             0
  3970             0
  3971             0
  3972             0
  3973             0
  3974             0
  3975             0
  3976             0
  3977             0
  3978             0
  3979             0
  3980             0
  3981             0
  3982             0
  3983             0
  3984             0
  3985             0
  3986             0
  3987             0
  3988             0
  3989             0
  3990             0
  3991             0
  3992             0
  3993             0
  3994             0
  3995             0
  3996             0
  3997             0
  3998             0
  3999             0
  4000             0
  4001             0
  4002             0
  4003             0
  4004             0
  4005             0
  4006             0
  4007             0
  4008             0
  4009             0
  4010             0
  4011             0
  4012             0
  4013             0
  4014             0
  4015             0
  4016             0
  4017             0
  4018             0
  4019             0
  4020             0
  4021             0
  4022             0
  4023             0
  4024             0
  4025             0
  4026             0
  4027             1
  4028             0
  4029             0
  4030             0
  4031             0
  4032             0
  4033             0
  4034             0
  4035             0
  4036             0
  4037             0
  4038             0
  4039             0
  4040             0
  4041             0
  4042             0
  4043             0
  4044             0
  4045             0
  4046             0
  4047             0
  4048             0
  4049             0
  4050             0
  4051             0
  4052             0
  4053             0
  4054             0
  4055             0
  4056             0
  4057             0
  4058             0
  4059             0
  4060             0
  4061             0
  4062             0
  4063             0
  4064             0
  4065             0
  4066             0
  4067             0
  4068             0
  4069             0
  4070             0
  4071             0
  4072             1
  4073             0
  4074             0
  4075             0
  4076             0
  4077             0
  4078             0
  4079             0
  4080             0
  4081             0
  4082             0
  4083             0
  4084             0
  4085             0
  4086             0
  4087             0
  4088             0
  4089             0
  4090             1
  4091             0
  4092             0
  4093             0
  4094             0
  4095             0
