     0             0
     1             0
     2             0
     3             0
     4             0
     5             0
     6             0
     7             0
     8             0
     9             0
    10             0
    11             0
    12             0
    13             0
    14             0
    15             0
    16             0
    17             0
    18             0
    19             0
    20             0
    21             0
    22             0
    23             0
    24             0
    25             0
    26             0
    27             0
    28             0
    29             0
    30             0
    31             0
    32             0
    33             0
    34             0
    35             0
    36             0
    37             0
    38             0
    39             0
    40             0
    41             0
    42             0
    43             0
    44             0
    45             0
    46             0
    47             0
    48             0
    49             0
    50             0
    51             0
    52             0
    53             0
    54             0
    55             0
    56             0
    57             0
    58             0
    59             0
    60             0
    61             0
    62             0
    63             0
    64             0
    65             0
    66             0
    67             0
    68             0
    69             0
    70             0
    71             0
    72             0
    73             0
    74             0
    75             0
    76             0
    77             0
    78             0
    79             0
    80             0
    81             0
    82             0
    83             0
    84             0
    85             0
    86             0
    87             0
    88             0
    89             0
    90             0
    91             0
    92             0
    93             0
    94             0
    95             0
    96             0
    97             0
    98             0
    99             0
   100             0
   101             0
   102             0
   103             0
   104             0
   105             0
   106             0
   107             0
   108             0
   109             0
   110             0
   111             0
   112             0
   113             0
   114             0
   115             0
   116             0
   117             0
   118             0
   119             0
   120             0
   121             0
   122             0
   123             0
   124             0
   125             0
   126             0
   127             0
   128             0
   129             0
   130             0
   131             0
   132             0
   133             0
   134             0
   135             0
   136             0
   137             0
   138             0
   139             0
   140             0
   141             0
   142             0
   143             0
   144             0
   145             0
   146             0
   147             0
   148             0
   149             0
   150             0
   151             0
   152             0
   153             0
   154             0
   155             0
   156             0
   157             0
   158             0
   159             0
   160             0
   161             0
   162             0
   163             0
   164             0
   165             0
   166             0
   167             0
   168             0
   169             0
   170             0
   171             0
   172             0
   173             0
   174             0
   175             0
   176             0
   177             0
   178             0
   179             0
   180             0
   181             0
   182             0
   183             0
   184             0
   185             0
   186             0
   187             0
   188             0
   189             0
   190             0
   191             0
   192             0
   193             0
   194             0
   195             0
   196             0
   197             0
   198             0
   199             0
   200             0
   201             0
   202             0
   203             0
   204             0
   205             0
   206             0
   207             0
   208             0
   209             0
   210             0
   211             0
   212             0
   213             0
   214             0
   215             0
   216             0
   217             0
   218             0
   219             0
   220             0
   221             0
   222             0
   223             0
   224             0
   225             0
   226             0
   227             0
   228             0
   229             0
   230             0
   231             0
   232             0
   233             0
   234             0
   235             0
   236             0
   237             0
   238             0
   239             0
   240             0
   241             0
   242             0
   243             0
   244             0
   245             0
   246             0
   247             0
   248             0
   249             0
   250             0
   251             0
   252             0
   253             0
   254             0
   255             0
   256             0
   257             0
   258             0
   259             0
   260             0
   261             0
   262             0
   263             0
   264             0
   265             0
   266             0
   267             0
   268             0
   269             0
   270             0
   271             0
   272             0
   273             0
   274             0
   275             0
   276             0
   277             0
   278             0
   279             0
   280             0
   281             0
   282             0
   283             0
   284             0
   285             0
   286             0
   287             0
   288             0
   289             0
   290             0
   291             0
   292             0
   293             0
   294             0
   295             0
   296             0
   297             0
   298             0
   299             0
   300             0
   301             0
   302             0
   303             0
   304             0
   305             0
   306             0
   307             0
   308             0
   309             0
   310             0
   311             0
   312             0
   313             0
   314             0
   315             0
   316             0
   317             0
   318             0
   319             0
   320             0
   321             0
   322             0
   323             0
   324             1
   325             0
   326             0
   327             0
   328             0
   329             0
   330             0
   331             0
   332             0
   333             1
   334             0
   335             1
   336             0
   337             0
   338             0
   339             0
   340             0
   341             0
   342             0
   343             0
   344             0
   345             0
   346             0
   347             0
   348             0
   349             0
   350             0
   351             0
   352             0
   353             0
   354             0
   355             0
   356             0
   357             0
   358             0
   359             0
   360             0
   361             0
   362             0
   363             0
   364             0
   365             0
   366             0
   367             0
   368             0
   369             0
   370             0
   371             0
   372             0
   373             0
   374             0
   375             0
   376             0
   377             0
   378             0
   379             0
   380             0
   381             0
   382             0
   383             0
   384             0
   385             0
   386             0
   387             0
   388             0
   389             0
   390             0
   391             0
   392             0
   393             0
   394             0
   395             0
   396             0
   397             0
   398             0
   399             0
   400             0
   401             0
   402             0
   403             0
   404             0
   405             0
   406             0
   407             0
   408             0
   409             0
   410             0
   411             0
   412             0
   413             0
   414             0
   415             0
   416             0
   417             0
   418             0
   419             0
   420             0
   421             0
   422             0
   423             0
   424             0
   425             0
   426             0
   427             0
   428             0
   429             0
   430             0
   431             0
   432             0
   433             0
   434             0
   435             0
   436             0
   437             0
   438             0
   439             0
   440             0
   441             0
   442             0
   443             0
   444             0
   445             0
   446             0
   447             0
   448             0
   449             0
   450             0
   451             0
   452             0
   453             0
   454             0
   455             0
   456             0
   457             0
   458             0
   459             0
   460             0
   461             0
   462             0
   463             0
   464             0
   465             0
   466             0
   467             0
   468             0
   469             0
   470             0
   471             0
   472             0
   473             0
   474             0
   475             0
   476             0
   477             0
   478             0
   479             0
   480             0
   481             0
   482             0
   483             0
   484             0
   485             0
   486             0
   487             0
   488             0
   489             0
   490             0
   491             0
   492             0
   493             0
   494             0
   495             0
   496             0
   497             0
   498             1
   499             0
   500             2
   501             0
   502             0
   503             1
   504             0
   505             0
   506             0
   507             0
   508             0
   509             2
   510             0
   511             0
   512             0
   513             1
   514             1
   515             1
   516             1
   517             0
   518             1
   519             0
   520             2
   521             0
   522             0
   523             2
   524             1
   525             2
   526             1
   527             0
   528             0
   529             1
   530             0
   531             1
   532             0
   533             0
   534             1
   535             2
   536             0
   537             0
   538             0
   539             1
   540             0
   541             2
   542             1
   543             2
   544             1
   545             0
   546             0
   547             0
   548             0
   549             0
   550             0
   551             0
   552             0
   553             1
   554             1
   555             0
   556             0
   557             0
   558             0
   559             0
   560             0
   561             0
   562             0
   563             3
   564             0
   565             0
   566             0
   567             1
   568             2
   569             0
   570             0
   571             0
   572             0
   573             1
   574             0
   575             0
   576             0
   577             0
   578             0
   579             1
   580             1
   581             0
   582             0
   583             1
   584             1
   585             0
   586             1
   587             0
   588             0
   589             1
   590             0
   591             1
   592             2
   593             1
   594             4
   595             0
   596             1
   597             1
   598             2
   599             0
   600             2
   601             3
   602             0
   603             1
   604             2
   605             2
   606             1
   607             1
   608             0
   609             1
   610             1
   611             0
   612             0
   613             0
   614             1
   615             0
   616             0
   617             0
   618             1
   619             0
   620             0
   621             0
   622             1
   623             0
   624             2
   625             0
   626             1
   627             3
   628             0
   629             1
   630             0
   631             0
   632             0
   633             0
   634             1
   635             0
   636             1
   637             0
   638             0
   639             1
   640             2
   641             4
   642             0
   643             1
   644             1
   645             0
   646             0
   647             0
   648             0
   649             0
   650             0
   651             0
   652             0
   653             1
   654             1
   655             2
   656             0
   657             1
   658             0
   659             1
   660             1
   661             0
   662             0
   663             2
   664             0
   665             0
   666             0
   667             0
   668             1
   669             0
   670             0
   671             0
   672             2
   673             1
   674             0
   675             0
   676             2
   677             0
   678             1
   679             0
   680             1
   681             2
   682             1
   683             2
   684             1
   685             1
   686             0
   687             1
   688             0
   689             0
   690             1
   691             0
   692             1
   693             1
   694             1
   695             0
   696             1
   697             0
   698             0
   699             2
   700             1
   701             0
   702             0
   703             0
   704             0
   705             2
   706             1
   707             1
   708             0
   709             0
   710             0
   711             0
   712             2
   713             0
   714             0
   715             1
   716             1
   717             1
   718             1
   719             1
   720             2
   721             3
   722             2
   723             1
   724             0
   725             2
   726             1
   727             1
   728             0
   729             1
   730             0
   731             0
   732             1
   733             1
   734             1
   735             1
   736             0
   737             1
   738             2
   739             0
   740             4
   741             1
   742             0
   743             2
   744             0
   745             1
   746             0
   747             1
   748             0
   749             0
   750             1
   751             1
   752             0
   753             2
   754             3
   755             1
   756             1
   757             3
   758             1
   759             0
   760             0
   761             0
   762             2
   763             0
   764             0
   765             0
   766             1
   767             2
   768             2
   769             2
   770             1
   771             1
   772             0
   773             0
   774             0
   775             2
   776             1
   777             1
   778             0
   779             0
   780             1
   781             1
   782             1
   783             0
   784             1
   785             1
   786             2
   787             0
   788             0
   789             1
   790             0
   791             0
   792             1
   793             3
   794             1
   795             0
   796             1
   797             1
   798             3
   799             0
   800             2
   801             0
   802             0
   803             1
   804             2
   805             1
   806             1
   807             3
   808             1
   809             0
   810             0
   811             0
   812             2
   813             1
   814             1
   815             1
   816             1
   817             0
   818             1
   819             0
   820             0
   821             4
   822             1
   823             2
   824             1
   825             0
   826             0
   827             0
   828             0
   829             1
   830             1
   831             0
   832             0
   833             0
   834             1
   835             0
   836             2
   837             1
   838             1
   839             1
   840             3
   841             1
   842             0
   843             1
   844             0
   845             1
   846             1
   847             1
   848             1
   849             3
   850             1
   851             0
   852             0
   853             1
   854             1
   855             3
   856             1
   857             0
   858             2
   859             2
   860             2
   861             2
   862             1
   863             1
   864             0
   865             1
   866             0
   867             2
   868             0
   869             1
   870             0
   871             3
   872             1
   873             0
   874             0
   875             2
   876             0
   877             1
   878             0
   879             3
   880             1
   881             2
   882             0
   883             2
   884             2
   885             1
   886             1
   887             2
   888             2
   889             0
   890             1
   891             1
   892             1
   893             1
   894             0
   895             2
   896             0
   897             2
   898             0
   899             2
   900             0
   901             2
   902             2
   903             1
   904             4
   905             0
   906             1
   907             3
   908             3
   909             2
   910             0
   911             1
   912             1
   913             0
   914             1
   915             2
   916             2
   917             4
   918             1
   919             1
   920             1
   921             0
   922             0
   923             1
   924             1
   925             0
   926             2
   927             0
   928             1
   929             1
   930             3
   931             0
   932             1
   933             3
   934             4
   935             2
   936             0
   937             2
   938             0
   939             3
   940             2
   941             3
   942             0
   943             2
   944             2
   945             2
   946             0
   947             0
   948             1
   949             1
   950             1
   951             3
   952             1
   953             2
   954             3
   955             1
   956             1
   957             0
   958             3
   959             2
   960             1
   961             2
   962             2
   963             1
   964             0
   965             1
   966             1
   967             1
   968             1
   969             1
   970             1
   971             2
   972             2
   973             2
   974             5
   975             3
   976             2
   977             1
   978             0
   979             2
   980             2
   981             2
   982             1
   983             4
   984             2
   985             1
   986             3
   987             3
   988             2
   989             1
   990             0
   991             2
   992             2
   993             3
   994             2
   995             3
   996             1
   997             1
   998             2
   999             1
  1000             1
  1001             4
  1002             0
  1003             3
  1004             0
  1005             1
  1006             4
  1007             1
  1008             0
  1009             1
  1010             2
  1011             2
  1012             2
  1013             3
  1014             3
  1015             1
  1016             1
  1017             0
  1018             1
  1019             1
  1020             0
  1021             1
  1022             1
  1023             2
  1024             0
  1025             2
  1026             1
  1027             2
  1028             3
  1029             1
  1030             1
  1031             1
  1032             1
  1033             0
  1034             1
  1035             5
  1036             2
  1037             0
  1038             2
  1039             3
  1040             0
  1041             4
  1042             1
  1043             1
  1044             2
  1045             3
  1046             0
  1047             1
  1048             1
  1049             4
  1050             3
  1051             2
  1052             1
  1053             2
  1054             1
  1055             3
  1056             1
  1057             1
  1058             2
  1059             1
  1060             1
  1061             2
  1062             2
  1063             3
  1064             2
  1065             4
  1066             0
  1067             2
  1068             2
  1069             3
  1070             3
  1071             1
  1072             4
  1073             2
  1074             2
  1075             3
  1076             5
  1077             5
  1078             3
  1079             2
  1080             3
  1081             2
  1082             2
  1083             4
  1084             5
  1085             2
  1086             5
  1087             3
  1088             1
  1089             0
  1090             4
  1091             4
  1092             3
  1093            11
  1094             7
  1095             3
  1096             7
  1097             4
  1098             1
  1099             4
  1100             3
  1101             0
  1102             1
  1103             5
  1104             5
  1105             5
  1106             3
  1107             5
  1108             2
  1109             3
  1110             3
  1111             2
  1112             2
  1113             2
  1114             5
  1115             7
  1116             9
  1117             3
  1118             4
  1119             4
  1120             8
  1121             5
  1122             4
  1123             3
  1124             4
  1125             1
  1126             6
  1127             4
  1128             5
  1129             9
  1130             5
  1131             9
  1132             1
  1133             5
  1134             4
  1135             2
  1136             4
  1137             6
  1138             5
  1139             5
  1140             4
  1141             7
  1142             6
  1143             5
  1144             3
  1145             3
  1146             6
  1147             8
  1148             5
  1149             3
  1150             9
  1151             3
  1152             8
  1153             4
  1154             6
  1155             5
  1156             4
  1157             2
  1158            10
  1159             2
  1160             6
  1161             9
  1162             6
  1163            11
  1164             4
  1165             7
  1166             9
  1167             4
  1168             3
  1169             4
  1170             7
  1171             3
  1172             7
  1173            10
  1174             6
  1175             5
  1176            11
  1177            11
  1178             7
  1179             9
  1180            12
  1181             9
  1182             9
  1183             9
  1184            11
  1185            11
  1186            20
  1187            14
  1188             5
  1189            11
  1190            11
  1191             9
  1192            11
  1193            11
  1194            15
  1195            15
  1196            13
  1197            13
  1198            15
  1199            14
  1200            14
  1201            12
  1202            13
  1203            18
  1204            13
  1205            19
  1206            11
  1207            22
  1208            19
  1209            22
  1210            21
  1211            24
  1212            26
  1213            26
  1214            23
  1215            38
  1216            25
  1217            35
  1218            32
  1219            27
  1220            26
  1221            34
  1222            27
  1223            42
  1224            33
  1225            32
  1226            49
  1227            59
  1228            49
  1229            55
  1230            56
  1231            65
  1232            67
  1233            56
  1234            75
  1235            68
  1236            79
  1237            83
  1238            90
  1239            96
  1240            82
  1241            99
  1242           101
  1243            81
  1244            99
  1245           105
  1246           114
  1247           127
  1248           144
  1249           136
  1250           151
  1251           129
  1252           165
  1253           145
  1254           144
  1255           179
  1256           153
  1257           196
  1258           182
  1259           207
  1260           196
  1261           195
  1262           215
  1263           201
  1264           215
  1265           201
  1266           231
  1267           225
  1268           238
  1269           198
  1270           217
  1271           207
  1272           216
  1273           243
  1274           216
  1275           223
  1276           230
  1277           222
  1278           218
  1279           220
  1280           211
  1281           228
  1282           217
  1283           217
  1284           212
  1285           212
  1286           182
  1287           202
  1288           189
  1289           196
  1290           195
  1291           163
  1292           176
  1293           186
  1294           169
  1295           168
  1296           157
  1297           160
  1298           133
  1299           144
  1300           145
  1301           150
  1302           139
  1303           135
  1304           117
  1305           114
  1306           124
  1307           111
  1308           114
  1309           107
  1310            99
  1311           111
  1312            96
  1313            84
  1314           104
  1315            80
  1316            87
  1317            78
  1318            78
  1319            59
  1320            71
  1321            50
  1322            71
  1323            74
  1324            77
  1325            72
  1326            73
  1327            54
  1328            58
  1329            77
  1330            54
  1331            49
  1332            56
  1333            53
  1334            52
  1335            56
  1336            51
  1337            49
  1338            45
  1339            59
  1340            48
  1341            39
  1342            62
  1343            52
  1344            44
  1345            49
  1346            54
  1347            64
  1348            63
  1349            47
  1350            62
  1351            49
  1352            59
  1353            51
  1354            69
  1355            75
  1356            77
  1357            79
  1358            77
  1359            80
  1360            90
  1361            76
  1362            80
  1363           101
  1364            93
  1365            97
  1366            84
  1367            98
  1368           102
  1369           114
  1370           120
  1371           108
  1372           138
  1373           120
  1374           135
  1375           123
  1376           132
  1377           143
  1378           138
  1379           150
  1380           151
  1381           157
  1382           156
  1383           170
  1384           160
  1385           171
  1386           191
  1387           180
  1388           193
  1389           183
  1390           184
  1391           178
  1392           184
  1393           182
  1394           194
  1395           169
  1396           183
  1397           187
  1398           166
  1399           183
  1400           192
  1401           198
  1402           195
  1403           180
  1404           166
  1405           194
  1406           195
  1407           165
  1408           171
  1409           166
  1410           182
  1411           160
  1412           155
  1413           165
  1414           162
  1415           164
  1416           149
  1417           164
  1418           137
  1419           136
  1420           134
  1421           131
  1422           127
  1423           116
  1424           130
  1425           130
  1426           115
  1427           128
  1428           114
  1429           119
  1430           116
  1431           101
  1432           105
  1433            91
  1434            93
  1435            98
  1436            98
  1437           101
  1438            76
  1439            71
  1440            80
  1441           112
  1442            93
  1443            74
  1444            68
  1445            72
  1446            65
  1447            79
  1448            51
  1449            58
  1450            73
  1451            75
  1452            69
  1453            62
  1454            69
  1455            64
  1456            71
  1457            63
  1458            69
  1459            71
  1460            60
  1461            61
  1462            59
  1463            76
  1464            60
  1465            58
  1466            56
  1467            65
  1468            56
  1469            61
  1470            64
  1471            56
  1472            56
  1473            77
  1474            78
  1475            73
  1476            60
  1477            85
  1478            82
  1479            72
  1480            92
  1481            78
  1482           101
  1483            91
  1484            93
  1485            95
  1486           100
  1487           101
  1488           105
  1489           114
  1490           106
  1491           145
  1492           120
  1493           109
  1494           134
  1495           126
  1496           131
  1497           140
  1498           147
  1499           133
  1500           143
  1501           147
  1502           189
  1503           162
  1504           164
  1505           166
  1506           194
  1507           171
  1508           199
  1509           176
  1510           185
  1511           194
  1512           177
  1513           221
  1514           202
  1515           219
  1516           202
  1517           210
  1518           222
  1519           231
  1520           247
  1521           247
  1522           214
  1523           212
  1524           249
  1525           239
  1526           195
  1527           258
  1528           249
  1529           257
  1530           223
  1531           201
  1532           222
  1533           228
  1534           204
  1535           224
  1536           234
  1537           204
  1538           198
  1539           225
  1540           194
  1541           197
  1542           219
  1543           213
  1544           193
  1545           179
  1546           175
  1547           186
  1548           162
  1549           171
  1550           159
  1551           172
  1552           160
  1553           146
  1554           146
  1555           139
  1556           160
  1557           158
  1558           132
  1559           123
  1560           128
  1561           116
  1562           116
  1563           104
  1564           116
  1565            97
  1566           110
  1567           111
  1568            87
  1569            96
  1570            85
  1571            99
  1572           100
  1573            81
  1574            72
  1575            80
  1576            72
  1577            88
  1578            73
  1579            69
  1580            54
  1581            64
  1582            54
  1583            56
  1584            52
  1585            61
  1586            55
  1587            42
  1588            50
  1589            50
  1590            54
  1591            44
  1592            42
  1593            43
  1594            48
  1595            35
  1596            38
  1597            25
  1598            41
  1599            48
  1600            23
  1601            40
  1602            37
  1603            19
  1604            32
  1605            31
  1606            22
  1607            24
  1608            24
  1609            22
  1610            24
  1611            33
  1612            26
  1613            17
  1614            20
  1615            20
  1616            17
  1617            23
  1618            18
  1619            11
  1620            11
  1621            15
  1622            15
  1623            14
  1624            21
  1625            15
  1626            15
  1627            15
  1628            13
  1629             9
  1630            12
  1631            14
  1632            13
  1633            12
  1634            12
  1635            12
  1636             5
  1637            12
  1638             9
  1639             7
  1640            12
  1641             8
  1642            11
  1643             4
  1644             8
  1645             6
  1646            12
  1647             8
  1648             6
  1649             8
  1650             3
  1651             5
  1652             6
  1653             2
  1654             1
  1655             4
  1656             3
  1657             4
  1658             5
  1659             3
  1660             3
  1661             3
  1662             6
  1663             4
  1664             6
  1665             2
  1666             0
  1667             5
  1668             7
  1669             3
  1670             2
  1671             4
  1672             2
  1673             4
  1674             0
  1675             3
  1676             3
  1677             5
  1678             5
  1679             3
  1680             3
  1681             2
  1682             2
  1683             2
  1684             2
  1685             4
  1686             3
  1687             2
  1688             4
  1689             1
  1690             2
  1691             2
  1692             1
  1693             2
  1694             2
  1695             3
  1696             0
  1697             1
  1698             1
  1699             2
  1700             4
  1701             0
  1702             0
  1703             2
  1704             1
  1705             5
  1706             0
  1707             3
  1708             1
  1709             1
  1710             4
  1711             1
  1712             1
  1713             2
  1714             3
  1715             1
  1716             3
  1717             3
  1718             2
  1719             1
  1720             4
  1721             2
  1722             4
  1723             1
  1724             3
  1725             3
  1726             3
  1727             5
  1728             2
  1729             1
  1730             2
  1731             2
  1732             2
  1733             7
  1734             3
  1735             0
  1736             4
  1737             2
  1738             3
  1739             7
  1740             1
  1741             4
  1742             3
  1743             5
  1744             1
  1745             7
  1746             3
  1747             3
  1748             3
  1749             4
  1750             1
  1751             1
  1752             5
  1753             1
  1754             6
  1755             9
  1756             3
  1757             2
  1758             5
  1759             6
  1760             6
  1761             8
  1762             6
  1763             1
  1764             1
  1765             7
  1766             4
  1767             3
  1768             5
  1769             6
  1770             4
  1771             3
  1772             5
  1773             2
  1774             3
  1775             1
  1776             2
  1777             4
  1778             3
  1779             3
  1780             1
  1781             5
  1782             3
  1783             2
  1784             5
  1785             7
  1786             2
  1787             5
  1788             4
  1789             6
  1790             2
  1791             8
  1792             5
  1793             7
  1794             1
  1795             6
  1796             1
  1797             2
  1798             3
  1799             6
  1800             4
  1801             2
  1802             8
  1803             3
  1804             2
  1805             3
  1806            13
  1807             8
  1808             2
  1809             8
  1810             1
  1811             8
  1812             8
  1813             5
  1814             6
  1815             5
  1816             9
  1817             7
  1818             4
  1819             6
  1820             6
  1821            12
  1822             6
  1823             9
  1824             9
  1825             7
  1826             6
  1827            11
  1828            11
  1829             9
  1830             7
  1831            11
  1832            10
  1833             9
  1834            13
  1835             6
  1836            10
  1837             7
  1838            16
  1839            15
  1840            10
  1841             7
  1842            12
  1843             5
  1844            15
  1845            10
  1846            14
  1847            11
  1848            10
  1849             7
  1850            12
  1851            15
  1852            14
  1853            13
  1854             8
  1855            13
  1856            10
  1857            10
  1858             5
  1859             5
  1860             9
  1861             6
  1862             9
  1863            11
  1864            11
  1865             5
  1866             9
  1867             3
  1868             8
  1869             8
  1870            12
  1871             5
  1872             6
  1873             4
  1874             9
  1875            13
  1876            10
  1877             7
  1878             7
  1879             4
  1880             6
  1881             3
  1882             6
  1883             6
  1884             3
  1885             3
  1886             4
  1887             8
  1888             4
  1889             2
  1890             1
  1891             9
  1892             6
  1893             6
  1894             3
  1895             3
  1896             4
  1897             3
  1898             5
  1899             3
  1900             5
  1901             2
  1902             5
  1903             3
  1904             3
  1905             2
  1906             5
  1907             4
  1908             2
  1909             0
  1910             2
  1911             1
  1912             1
  1913             3
  1914             2
  1915             1
  1916             3
  1917             1
  1918             0
  1919             1
  1920             1
  1921             0
  1922             2
  1923             1
  1924             0
  1925             0
  1926             0
  1927             1
  1928             0
  1929             1
  1930             0
  1931             0
  1932             0
  1933             1
  1934             2
  1935             0
  1936             1
  1937             1
  1938             1
  1939             2
  1940             3
  1941             0
  1942             0
  1943             1
  1944             1
  1945             1
  1946             0
  1947             2
  1948             1
  1949             1
  1950             1
  1951             1
  1952             1
  1953             1
  1954             2
  1955             2
  1956             0
  1957             0
  1958             3
  1959             1
  1960             1
  1961             0
  1962             0
  1963             1
  1964             1
  1965             0
  1966             3
  1967             1
  1968             0
  1969             1
  1970             1
  1971             1
  1972             3
  1973             0
  1974             3
  1975             3
  1976             1
  1977             0
  1978             3
  1979             2
  1980             3
  1981             1
  1982             1
  1983             2
  1984             0
  1985             5
  1986             2
  1987             3
  1988             2
  1989             2
  1990             1
  1991             5
  1992             3
  1993             2
  1994             3
  1995             3
  1996             3
  1997             2
  1998             3
  1999             6
  2000             4
  2001             2
  2002             1
  2003             6
  2004             4
  2005             7
  2006             3
  2007             6
  2008             7
  2009            12
  2010             6
  2011             5
  2012             7
  2013             5
  2014             7
  2015             8
  2016             3
  2017             6
  2018             7
  2019            10
  2020             7
  2021             5
  2022            10
  2023             6
  2024            14
  2025            11
  2026            15
  2027            15
  2028             8
  2029            12
  2030            10
  2031            14
  2032            10
  2033             5
  2034            14
  2035            13
  2036             9
  2037             6
  2038            11
  2039             7
  2040             8
  2041            12
  2042             9
  2043            10
  2044             6
  2045            11
  2046            10
  2047            12
  2048             9
  2049             6
  2050            10
  2051             9
  2052            10
  2053            11
  2054             4
  2055            10
  2056             8
  2057             7
  2058             9
  2059            10
  2060             5
  2061             5
  2062             5
  2063             4
  2064             4
  2065             7
  2066             9
  2067             3
  2068             7
  2069            10
  2070             4
  2071             5
  2072             5
  2073             5
  2074             4
  2075             3
  2076            10
  2077             2
  2078             0
  2079             5
  2080             2
  2081             6
  2082             5
  2083             2
  2084             3
  2085             2
  2086             2
  2087             3
  2088             3
  2089             3
  2090             3
  2091             5
  2092             1
  2093             1
  2094             2
  2095             3
  2096             2
  2097             3
  2098             2
  2099             3
  2100             0
  2101             1
  2102             0
  2103             0
  2104             3
  2105             1
  2106             2
  2107             1
  2108             1
  2109             0
  2110             0
  2111             0
  2112             0
  2113             0
  2114             2
  2115             1
  2116             2
  2117             0
  2118             1
  2119             2
  2120             0
  2121             0
  2122             0
  2123             0
  2124             3
  2125             1
  2126             0
  2127             3
  2128             0
  2129             0
  2130             0
  2131             2
  2132             0
  2133             2
  2134             2
  2135             0
  2136             0
  2137             0
  2138             3
  2139             0
  2140             1
  2141             0
  2142             0
  2143             2
  2144             3
  2145             2
  2146             1
  2147             2
  2148             1
  2149             0
  2150             0
  2151             3
  2152             3
  2153             4
  2154             0
  2155             0
  2156             0
  2157             1
  2158             1
  2159             1
  2160             3
  2161             0
  2162             1
  2163             1
  2164             0
  2165             0
  2166             0
  2167             0
  2168             2
  2169             0
  2170             1
  2171             1
  2172             0
  2173             0
  2174             3
  2175             1
  2176             0
  2177             0
  2178             0
  2179             0
  2180             0
  2181             0
  2182             2
  2183             1
  2184             0
  2185             0
  2186             1
  2187             0
  2188             0
  2189             1
  2190             0
  2191             0
  2192             0
  2193             0
  2194             2
  2195             1
  2196             0
  2197             0
  2198             0
  2199             0
  2200             0
  2201             0
  2202             0
  2203             0
  2204             0
  2205             0
  2206             0
  2207             0
  2208             0
  2209             0
  2210             0
  2211             0
  2212             0
  2213             0
  2214             0
  2215             0
  2216             0
  2217             0
  2218             0
  2219             0
  2220             1
  2221             0
  2222             0
  2223             0
  2224             0
  2225             0
  2226             0
  2227             0
  2228             1
  2229             0
  2230             0
  2231             0
  2232             1
  2233             0
  2234             0
  2235             0
  2236             0
  2237             0
  2238             1
  2239             0
  2240             0
  2241             0
  2242             0
  2243             0
  2244             0
  2245             0
  2246             0
  2247             0
  2248             0
  2249             0
  2250             0
  2251             0
  2252             0
  2253             0
  2254             0
  2255             0
  2256             0
  2257             2
  2258             0
  2259             0
  2260             0
  2261             0
  2262             0
  2263             0
  2264             0
  2265             0
  2266             0
  2267             0
  2268             0
  2269             1
  2270             1
  2271             0
  2272             1
  2273             0
  2274             0
  2275             0
  2276             0
  2277             0
  2278             1
  2279             0
  2280             0
  2281             0
  2282             1
  2283             0
  2284             0
  2285             0
  2286             0
  2287             0
  2288             1
  2289             0
  2290             0
  2291             0
  2292             0
  2293             0
  2294             0
  2295             0
  2296             0
  2297             0
  2298             0
  2299             1
  2300             0
  2301             0
  2302             0
  2303             1
  2304             0
  2305             0
  2306             0
  2307             0
  2308             0
  2309             0
  2310             0
  2311             1
  2312             0
  2313             0
  2314             0
  2315             0
  2316             0
  2317             1
  2318             0
  2319             0
  2320             0
  2321             1
  2322             0
  2323             0
  2324             0
  2325             0
  2326             0
  2327             0
  2328             0
  2329             0
  2330             0
  2331             0
  2332             0
  2333             0
  2334             0
  2335             0
  2336             0
  2337             0
  2338             0
  2339             0
  2340             0
  2341             0
  2342             0
  2343             1
  2344             0
  2345             0
  2346             0
  2347             0
  2348             0
  2349             0
  2350             0
  2351             0
  2352             0
  2353             0
  2354             0
  2355             0
  2356             0
  2357             0
  2358             0
  2359             0
  2360             0
  2361             0
  2362             0
  2363             0
  2364             1
  2365             0
  2366             0
  2367             0
  2368             0
  2369             0
  2370             0
  2371             1
  2372             0
  2373             0
  2374             0
  2375             0
  2376             0
  2377             0
  2378             0
  2379             0
  2380             0
  2381             0
  2382             0
  2383             0
  2384             1
  2385             0
  2386             0
  2387             0
  2388             0
  2389             0
  2390             0
  2391             0
  2392             0
  2393             0
  2394             0
  2395             0
  2396             0
  2397             0
  2398             0
  2399             0
  2400             0
  2401             0
  2402             1
  2403             0
  2404             1
  2405             0
  2406             0
  2407             0
  2408             0
  2409             0
  2410             0
  2411             0
  2412             0
  2413             1
  2414             0
  2415             0
  2416             0
  2417             0
  2418             0
  2419             1
  2420             0
  2421             0
  2422             0
  2423             0
  2424             0
  2425             0
  2426             0
  2427             0
  2428             0
  2429             0
  2430             0
  2431             1
  2432             0
  2433             0
  2434             0
  2435             0
  2436             0
  2437             0
  2438             0
  2439             0
  2440             1
  2441             0
  2442             0
  2443             0
  2444             0
  2445             0
  2446             0
  2447             0
  2448             1
  2449             0
  2450             0
  2451             0
  2452             0
  2453             0
  2454             0
  2455             0
  2456             0
  2457             1
  2458             0
  2459             1
  2460             0
  2461             0
  2462             0
  2463             0
  2464             0
  2465             0
  2466             0
  2467             0
  2468             0
  2469             1
  2470             0
  2471             0
  2472             0
  2473             0
  2474             0
  2475             0
  2476             0
  2477             0
  2478             0
  2479             0
  2480             0
  2481             1
  2482             0
  2483             0
  2484             1
  2485             0
  2486             0
  2487             0
  2488             0
  2489             0
  2490             1
  2491             0
  2492             0
  2493             0
  2494             0
  2495             0
  2496             0
  2497             1
  2498             2
  2499             0
  2500             0
  2501             0
  2502             0
  2503             0
  2504             1
  2505             0
  2506             0
  2507             2
  2508             0
  2509             1
  2510             0
  2511             0
  2512             0
  2513             0
  2514             0
  2515             0
  2516             0
  2517             0
  2518             0
  2519             0
  2520             0
  2521             0
  2522             0
  2523             1
  2524             1
  2525             0
  2526             0
  2527             0
  2528             0
  2529             1
  2530             1
  2531             2
  2532             0
  2533             0
  2534             0
  2535             0
  2536             1
  2537             1
  2538             0
  2539             0
  2540             0
  2541             1
  2542             1
  2543             0
  2544             0
  2545             0
  2546             2
  2547             0
  2548             1
  2549             1
  2550             1
  2551             0
  2552             0
  2553             0
  2554             1
  2555             2
  2556             0
  2557             0
  2558             2
  2559             2
  2560             1
  2561             0
  2562             0
  2563             0
  2564             0
  2565             0
  2566             0
  2567             0
  2568             0
  2569             0
  2570             0
  2571             0
  2572             1
  2573             0
  2574             2
  2575             2
  2576             1
  2577             2
  2578             0
  2579             3
  2580             0
  2581             0
  2582             2
  2583             0
  2584             1
  2585             2
  2586             3
  2587             0
  2588             1
  2589             0
  2590             1
  2591             3
  2592             2
  2593             2
  2594             0
  2595             0
  2596             1
  2597             0
  2598             2
  2599             1
  2600             1
  2601             4
  2602             1
  2603             1
  2604             2
  2605             2
  2606             0
  2607             2
  2608             1
  2609             3
  2610             1
  2611             1
  2612             0
  2613             1
  2614             4
  2615             2
  2616             1
  2617             0
  2618             1
  2619             2
  2620             1
  2621             4
  2622             0
  2623             1
  2624             1
  2625             1
  2626             0
  2627             1
  2628             0
  2629             1
  2630             1
  2631             1
  2632             3
  2633             0
  2634             1
  2635             1
  2636             1
  2637             0
  2638             2
  2639             1
  2640             2
  2641             1
  2642             0
  2643             3
  2644             0
  2645             2
  2646             2
  2647             2
  2648             1
  2649             2
  2650             2
  2651             2
  2652             1
  2653             0
  2654             1
  2655             2
  2656             1
  2657             1
  2658             1
  2659             0
  2660             4
  2661             6
  2662             6
  2663             3
  2664             3
  2665             5
  2666             6
  2667             4
  2668             2
  2669             2
  2670             8
  2671             3
  2672             9
  2673             6
  2674             4
  2675             5
  2676             3
  2677             5
  2678             3
  2679             5
  2680             3
  2681             1
  2682             3
  2683             1
  2684             6
  2685             4
  2686             3
  2687             7
  2688            12
  2689             5
  2690             5
  2691             5
  2692             3
  2693             8
  2694             3
  2695             6
  2696             3
  2697             8
  2698             2
  2699             4
  2700             8
  2701             8
  2702             2
  2703            10
  2704             3
  2705             7
  2706             8
  2707             6
  2708             6
  2709             9
  2710             5
  2711             7
  2712             5
  2713             8
  2714             2
  2715             9
  2716             7
  2717             9
  2718             6
  2719            10
  2720             4
  2721             6
  2722             9
  2723             5
  2724             7
  2725             8
  2726             6
  2727             8
  2728             3
  2729             2
  2730             3
  2731             6
  2732             3
  2733             3
  2734             3
  2735             2
  2736             1
  2737             2
  2738             1
  2739             1
  2740             3
  2741             0
  2742             2
  2743             1
  2744             2
  2745             3
  2746             1
  2747             2
  2748             2
  2749             4
  2750             1
  2751             1
  2752             1
  2753             0
  2754             3
  2755             1
  2756             2
  2757             0
  2758             2
  2759             0
  2760             1
  2761             0
  2762             0
  2763             0
  2764             2
  2765             0
  2766             0
  2767             1
  2768             2
  2769             1
  2770             1
  2771             3
  2772             1
  2773             0
  2774             0
  2775             0
  2776             0
  2777             0
  2778             0
  2779             1
  2780             0
  2781             0
  2782             0
  2783             0
  2784             0
  2785             0
  2786             0
  2787             0
  2788             1
  2789             0
  2790             1
  2791             0
  2792             0
  2793             0
  2794             0
  2795             0
  2796             0
  2797             0
  2798             0
  2799             0
  2800             0
  2801             0
  2802             0
  2803             0
  2804             1
  2805             0
  2806             1
  2807             0
  2808             0
  2809             0
  2810             0
  2811             0
  2812             0
  2813             0
  2814             0
  2815             0
  2816             0
  2817             0
  2818             0
  2819             0
  2820             0
  2821             0
  2822             0
  2823             0
  2824             1
  2825             0
  2826             0
  2827             0
  2828             0
  2829             0
  2830             0
  2831             0
  2832             0
  2833             0
  2834             0
  2835             0
  2836             0
  2837             0
  2838             1
  2839             0
  2840             0
  2841             0
  2842             0
  2843             0
  2844             0
  2845             0
  2846             0
  2847             0
  2848             0
  2849             0
  2850             0
  2851             0
  2852             0
  2853             0
  2854             0
  2855             1
  2856             0
  2857             0
  2858             0
  2859             0
  2860             0
  2861             0
  2862             0
  2863             0
  2864             0
  2865             0
  2866             0
  2867             0
  2868             0
  2869             0
  2870             0
  2871             0
  2872             0
  2873             0
  2874             0
  2875             0
  2876             0
  2877             0
  2878             0
  2879             0
  2880             0
  2881             0
  2882             0
  2883             0
  2884             0
  2885             0
  2886             0
  2887             0
  2888             0
  2889             0
  2890             0
  2891             0
  2892             0
  2893             0
  2894             0
  2895             0
  2896             0
  2897             0
  2898             1
  2899             0
  2900             0
  2901             0
  2902             0
  2903             0
  2904             0
  2905             0
  2906             0
  2907             0
  2908             0
  2909             0
  2910             1
  2911             0
  2912             0
  2913             0
  2914             0
  2915             0
  2916             0
  2917             0
  2918             0
  2919             0
  2920             0
  2921             0
  2922             0
  2923             0
  2924             0
  2925             0
  2926             0
  2927             0
  2928             0
  2929             0
  2930             0
  2931             1
  2932             0
  2933             1
  2934             0
  2935             0
  2936             0
  2937             0
  2938             0
  2939             0
  2940             0
  2941             0
  2942             1
  2943             0
  2944             0
  2945             0
  2946             0
  2947             0
  2948             0
  2949             0
  2950             0
  2951             0
  2952             0
  2953             0
  2954             0
  2955             0
  2956             0
  2957             0
  2958             0
  2959             0
  2960             0
  2961             0
  2962             0
  2963             0
  2964             0
  2965             0
  2966             0
  2967             0
  2968             0
  2969             0
  2970             0
  2971             0
  2972             0
  2973             0
  2974             0
  2975             0
  2976             0
  2977             0
  2978             0
  2979             0
  2980             0
  2981             0
  2982             0
  2983             0
  2984             0
  2985             0
  2986             0
  2987             0
  2988             0
  2989             0
  2990             0
  2991             0
  2992             0
  2993             0
  2994             0
  2995             0
  2996             0
  2997             0
  2998             0
  2999             0
  3000             0
  3001             0
  3002             0
  3003             0
  3004             0
  3005             0
  3006             0
  3007             0
  3008             0
  3009             0
  3010             0
  3011             0
  3012             0
  3013             0
  3014             0
  3015             0
  3016             0
  3017             0
  3018             0
  3019             0
  3020             0
  3021             0
  3022             0
  3023             0
  3024             0
  3025             0
  3026             0
  3027             0
  3028             0
  3029             0
  3030             0
  3031             0
  3032             0
  3033             0
  3034             0
  3035             0
  3036             0
  3037             0
  3038             0
  3039             0
  3040             0
  3041             0
  3042             0
  3043             0
  3044             0
  3045             1
  3046             0
  3047             0
  3048             0
  3049             0
  3050             0
  3051             0
  3052             0
  3053             0
  3054             0
  3055             0
  3056             0
  3057             0
  3058             0
  3059             0
  3060             0
  3061             0
  3062             0
  3063             0
  3064             0
  3065             0
  3066             0
  3067             0
  3068             0
  3069             1
  3070             0
  3071             0
  3072             0
  3073             0
  3074             0
  3075             0
  3076             0
  3077             0
  3078             0
  3079             0
  3080             0
  3081             0
  3082             0
  3083             0
  3084             0
  3085             0
  3086             0
  3087             0
  3088             0
  3089             0
  3090             0
  3091             0
  3092             0
  3093             0
  3094             0
  3095             0
  3096             0
  3097             0
  3098             1
  3099             0
  3100             0
  3101             0
  3102             0
  3103             0
  3104             0
  3105             0
  3106             0
  3107             0
  3108             0
  3109             0
  3110             0
  3111             0
  3112             1
  3113             0
  3114             0
  3115             0
  3116             0
  3117             0
  3118             0
  3119             0
  3120             0
  3121             0
  3122             0
  3123             0
  3124             0
  3125             0
  3126             0
  3127             0
  3128             0
  3129             0
  3130             0
  3131             0
  3132             0
  3133             0
  3134             0
  3135             0
  3136             0
  3137             0
  3138             0
  3139             0
  3140             0
  3141             0
  3142             0
  3143             0
  3144             0
  3145             0
  3146             0
  3147             0
  3148             0
  3149             0
  3150             0
  3151             0
  3152             0
  3153             0
  3154             0
  3155             0
  3156             0
  3157             0
  3158             0
  3159             0
  3160             0
  3161             0
  3162             0
  3163             0
  3164             0
  3165             0
  3166             0
  3167             0
  3168             0
  3169             0
  3170             0
  3171             0
  3172             0
  3173             0
  3174             0
  3175             0
  3176             0
  3177             0
  3178             0
  3179             0
  3180             0
  3181             0
  3182             0
  3183             0
  3184             0
  3185             0
  3186             0
  3187             0
  3188             0
  3189             0
  3190             0
  3191             0
  3192             0
  3193             0
  3194             0
  3195             0
  3196             0
  3197             0
  3198             0
  3199             0
  3200             0
  3201             0
  3202             0
  3203             0
  3204             0
  3205             0
  3206             0
  3207             0
  3208             0
  3209             0
  3210             0
  3211             0
  3212             0
  3213             0
  3214             0
  3215             1
  3216             0
  3217             0
  3218             0
  3219             0
  3220             0
  3221             0
  3222             0
  3223             0
  3224             0
  3225             0
  3226             0
  3227             0
  3228             0
  3229             0
  3230             0
  3231             0
  3232             0
  3233             0
  3234             0
  3235             0
  3236             0
  3237             0
  3238             0
  3239             0
  3240             0
  3241             0
  3242             0
  3243             0
  3244             0
  3245             0
  3246             0
  3247             0
  3248             0
  3249             0
  3250             0
  3251             0
  3252             0
  3253             0
  3254             0
  3255             0
  3256             0
  3257             0
  3258             0
  3259             0
  3260             0
  3261             0
  3262             0
  3263             0
  3264             0
  3265             0
  3266             0
  3267             0
  3268             0
  3269             0
  3270             0
  3271             0
  3272             0
  3273             0
  3274             0
  3275             0
  3276             0
  3277             0
  3278             0
  3279             0
  3280             0
  3281             0
  3282             0
  3283             0
  3284             0
  3285             0
  3286             0
  3287             0
  3288             0
  3289             0
  3290             0
  3291             0
  3292             0
  3293             0
  3294             0
  3295             0
  3296             0
  3297             0
  3298             0
  3299             0
  3300             0
  3301             0
  3302             0
  3303             0
  3304             0
  3305             0
  3306             0
  3307             0
  3308             0
  3309             0
  3310             0
  3311             0
  3312             0
  3313             0
  3314             0
  3315             0
  3316             0
  3317             0
  3318             0
  3319             0
  3320             0
  3321             0
  3322             0
  3323             0
  3324             0
  3325             0
  3326             0
  3327             0
  3328             0
  3329             0
  3330             0
  3331             1
  3332             0
  3333             0
  3334             0
  3335             0
  3336             0
  3337             0
  3338             0
  3339             0
  3340             0
  3341             0
  3342             0
  3343             0
  3344             0
  3345             0
  3346             0
  3347             0
  3348             0
  3349             0
  3350             0
  3351             0
  3352             0
  3353             0
  3354             0
  3355             0
  3356             0
  3357             0
  3358             0
  3359             0
  3360             0
  3361             0
  3362             0
  3363             0
  3364             0
  3365             0
  3366             0
  3367             0
  3368             0
  3369             0
  3370             0
  3371             0
  3372             0
  3373             0
  3374             0
  3375             0
  3376             0
  3377             0
  3378             0
  3379             0
  3380             0
  3381             0
  3382             0
  3383             0
  3384             0
  3385             0
  3386             0
  3387             0
  3388             0
  3389             0
  3390             0
  3391             0
  3392             0
  3393             0
  3394             0
  3395             0
  3396             0
  3397             0
  3398             0
  3399             0
  3400             0
  3401             0
  3402             0
  3403             0
  3404             0
  3405             0
  3406             0
  3407             0
  3408             0
  3409             0
  3410             0
  3411             0
  3412             0
  3413             0
  3414             0
  3415             0
  3416             0
  3417             0
  3418             0
  3419             0
  3420             0
  3421             0
  3422             0
  3423             0
  3424             0
  3425             0
  3426             0
  3427             0
  3428             0
  3429             0
  3430             0
  3431             0
  3432             0
  3433             0
  3434             0
  3435             0
  3436             0
  3437             0
  3438             0
  3439             0
  3440             0
  3441             0
  3442             0
  3443             0
  3444             0
  3445             0
  3446             0
  3447             0
  3448             0
  3449             0
  3450             0
  3451             0
  3452             0
  3453             0
  3454             0
  3455             0
  3456             0
  3457             0
  3458             0
  3459             0
  3460             0
  3461             0
  3462             0
  3463             0
  3464             0
  3465             0
  3466             0
  3467             0
  3468             0
  3469             0
  3470             0
  3471             0
  3472             0
  3473             0
  3474             0
  3475             0
  3476             0
  3477             0
  3478             0
  3479             0
  3480             0
  3481             0
  3482             0
  3483             0
  3484             0
  3485             0
  3486             0
  3487             0
  3488             0
  3489             0
  3490             0
  3491             0
  3492             0
  3493             0
  3494             0
  3495             0
  3496             0
  3497             0
  3498             0
  3499             0
  3500             0
  3501             0
  3502             0
  3503             0
  3504             0
  3505             0
  3506             0
  3507             0
  3508             0
  3509             0
  3510             0
  3511             0
  3512             0
  3513             0
  3514             0
  3515             0
  3516             0
  3517             0
  3518             0
  3519             0
  3520             0
  3521             0
  3522             0
  3523             0
  3524             0
  3525             0
  3526             0
  3527             0
  3528             0
  3529             0
  3530             0
  3531             0
  3532             0
  3533             0
  3534             0
  3535             0
  3536             0
  3537             0
  3538             0
  3539             0
  3540             0
  3541             0
  3542             0
  3543             0
  3544             0
  3545             0
  3546             0
  3547             0
  3548             0
  3549             0
  3550             0
  3551             0
  3552             0
  3553             0
  3554             0
  3555             0
  3556             0
  3557             0
  3558             0
  3559             0
  3560             0
  3561             0
  3562             0
  3563             0
  3564             0
  3565             0
  3566             0
  3567             0
  3568             0
  3569             0
  3570             0
  3571             0
  3572             0
  3573             0
  3574             0
  3575             0
  3576             0
  3577             0
  3578             0
  3579             0
  3580             0
  3581             0
  3582             0
  3583             0
  3584             0
  3585             0
  3586             0
  3587             0
  3588             0
  3589             0
  3590             0
  3591             0
  3592             0
  3593             0
  3594             0
  3595             0
  3596             0
  3597             0
  3598             0
  3599             0
  3600             0
  3601             0
  3602             0
  3603             0
  3604             0
  3605             0
  3606             0
  3607             0
  3608             0
  3609             0
  3610             0
  3611             0
  3612             0
  3613             0
  3614             0
  3615             0
  3616             0
  3617             0
  3618             0
  3619             0
  3620             0
  3621             0
  3622             0
  3623             0
  3624             0
  3625             0
  3626             0
  3627             0
  3628             0
  3629             0
  3630             0
  3631             0
  3632             0
  3633             0
  3634             0
  3635             0
  3636             0
  3637             0
  3638             0
  3639             0
  3640             0
  3641             0
  3642             0
  3643             0
  3644             0
  3645             0
  3646             0
  3647             0
  3648             0
  3649             0
  3650             0
  3651             0
  3652             0
  3653             0
  3654             0
  3655             0
  3656             0
  3657             0
  3658             0
  3659             0
  3660             0
  3661             0
  3662             0
  3663             0
  3664             0
  3665             0
  3666             0
  3667             0
  3668             0
  3669             0
  3670             0
  3671             0
  3672             0
  3673             0
  3674             0
  3675             0
  3676             0
  3677             0
  3678             0
  3679             0
  3680             0
  3681             0
  3682             0
  3683             0
  3684             0
  3685             0
  3686             0
  3687             0
  3688             0
  3689             0
  3690             0
  3691             0
  3692             0
  3693             0
  3694             0
  3695             0
  3696             0
  3697             0
  3698             0
  3699             0
  3700             0
  3701             0
  3702             0
  3703             0
  3704             0
  3705             0
  3706             0
  3707             0
  3708             0
  3709             0
  3710             0
  3711             0
  3712             0
  3713             0
  3714             0
  3715             0
  3716             0
  3717             0
  3718             0
  3719             0
  3720             0
  3721             0
  3722             0
  3723             0
  3724             0
  3725             0
  3726             0
  3727             0
  3728             0
  3729             0
  3730             0
  3731             0
  3732             0
  3733             0
  3734             0
  3735             0
  3736             0
  3737             0
  3738             0
  3739             0
  3740             0
  3741             0
  3742             0
  3743             0
  3744             0
  3745             0
  3746             0
  3747             0
  3748             0
  3749             0
  3750             0
  3751             0
  3752             0
  3753             0
  3754             0
  3755             0
  3756             0
  3757             0
  3758             0
  3759             0
  3760             0
  3761             0
  3762             0
  3763             0
  3764             0
  3765             0
  3766             0
  3767             0
  3768             0
  3769             0
  3770             0
  3771             0
  3772             0
  3773             0
  3774             0
  3775             0
  3776             0
  3777             0
  3778             0
  3779             0
  3780             0
  3781             0
  3782             0
  3783             0
  3784             0
  3785             0
  3786             0
  3787             0
  3788             0
  3789             0
  3790             0
  3791             0
  3792             0
  3793             0
  3794             0
  3795             0
  3796             0
  3797             0
  3798             0
  3799             0
  3800             0
  3801             0
  3802             0
  3803             0
  3804             0
  3805             0
  3806             0
  3807             0
  3808             0
  3809             0
  3810             0
  3811             0
  3812             0
  3813             0
  3814             0
  3815             0
  3816             0
  3817             0
  3818             0
  3819             0
  3820             0
  3821             0
  3822             0
  3823             0
  3824             0
  3825             0
  3826             0
  3827             0
  3828             0
  3829             0
  3830             0
  3831             0
  3832             0
  3833             0
  3834             0
  3835             0
  3836             0
  3837             0
  3838             0
  3839             0
  3840             0
  3841             0
  3842             0
  3843             0
  3844             0
  3845             0
  3846             0
  3847             0
  3848             0
  3849             0
  3850             0
  3851             0
  3852             0
  3853             0
  3854             0
  3855             0
  3856             0
  3857             0
  3858             0
  3859             0
  3860             0
  3861             0
  3862             0
  3863             0
  3864             0
  3865             0
  3866             0
  3867             0
  3868             0
  3869             0
  3870             0
  3871             0
  3872             0
  3873             0
  3874             0
  3875             0
  3876             0
  3877             0
  3878             0
  3879             0
  3880             0
  3881             0
  3882             0
  3883             0
  3884             0
  3885             0
  3886             0
  3887             0
  3888             0
  3889             0
  3890             0
  3891             0
  3892             0
  3893             0
  3894             0
  3895             0
  3896             0
  3897             0
  3898             0
  3899             0
  3900             0
  3901             0
  3902             0
  3903             0
  3904             0
  3905             0
  3906             0
  3907             0
  3908             0
  3909             0
  3910             0
  3911             0
  3912             0
  3913             0
  3914             0
  3915             0
  3916             0
  3917             0
  3918             0
  3919             0
  3920             0
  3921             0
  3922             0
  3923             0
  3924             0
  3925             0
  3926             0
  3927             0
  3928             0
  3929             0
  3930             0
  3931             0
  3932             0
  3933             0
  3934             0
  3935             0
  3936             0
  3937             0
  3938             0
  3939             0
  3940             0
  3941             0
  3942             0
  3943             0
  3944             0
  3945             0
  3946             0
  3947             0
  3948             0
  3949             0
  3950             0
  3951             0
  3952             0
  3953             0
  3954             0
  3955             0
  3956             0
  3957             0
  3958             0
  3959             0
  3960             0
  3961             0
  3962             0
  3963             0
  3964             0
  3965             0
  3966             0
  3967             0
  3968             0
  3969             0
  3970             0
  3971             0
  3972             0
  3973             0
  3974             0
  3975             0
  3976             0
  3977             0
  3978             0
  3979             0
  3980             0
  3981             0
  3982             0
  3983             0
  3984             0
  3985             0
  3986             0
  3987             0
  3988             0
  3989             0
  3990             0
  3991             0
  3992             0
  3993             0
  3994             0
  3995             0
  3996             0
  3997             0
  3998             0
  3999             0
  4000             0
  4001             0
  4002             0
  4003             0
  4004             0
  4005             0
  4006             0
  4007             0
  4008             0
  4009             0
  4010             0
  4011             0
  4012             0
  4013             0
  4014             0
  4015             0
  4016             0
  4017             0
  4018             0
  4019             0
  4020             0
  4021             0
  4022             0
  4023             0
  4024             0
  4025             0
  4026             0
  4027             0
  4028             0
  4029             0
  4030             0
  4031             0
  4032             0
  4033             0
  4034             0
  4035             0
  4036             0
  4037             0
  4038             0
  4039             0
  4040             0
  4041             0
  4042             0
  4043             0
  4044             0
  4045             0
  4046             0
  4047             0
  4048             0
  4049             0
  4050             0
  4051             0
  4052             0
  4053             0
  4054             0
  4055             0
  4056             0
  4057             0
  4058             0
  4059             0
  4060             0
  4061             0
  4062             0
  4063             0
  4064             0
  4065             0
  4066             0
  4067             0
  4068             0
  4069             0
  4070             0
  4071             0
  4072             0
  4073             0
  4074             0
  4075             0
  4076             0
  4077             0
  4078             0
  4079             0
  4080             0
  4081             0
  4082             0
  4083             0
  4084             0
  4085             0
  4086             0
  4087             0
  4088             0
  4089             0
  4090             0
  4091             0
  4092             0
  4093             0
  4094             0
  4095             0
