     0             0
     1             0
     2             0
     3             0
     4             0
     5             0
     6             0
     7             0
     8             0
     9             0
    10             0
    11             0
    12             0
    13             0
    14             0
    15             0
    16             0
    17             0
    18             0
    19             0
    20             0
    21             0
    22             0
    23             0
    24             0
    25             0
    26             0
    27             0
    28             0
    29             0
    30             0
    31             0
    32             0
    33             0
    34             0
    35             0
    36             0
    37             0
    38             0
    39             0
    40             0
    41             0
    42             0
    43             0
    44             0
    45             0
    46             0
    47             0
    48             0
    49             0
    50             0
    51             0
    52             0
    53             0
    54             0
    55             0
    56             0
    57             0
    58             1
    59             9
    60            21
    61            35
    62            32
    63            33
    64            47
    65            46
    66            42
    67            46
    68            34
    69            40
    70            36
    71            27
    72            35
    73            42
    74            47
    75            33
    76            48
    77            39
    78            46
    79            28
    80            35
    81            34
    82            49
    83            39
    84            33
    85            38
    86            37
    87            31
    88            41
    89            45
    90            31
    91            41
    92            37
    93            38
    94            29
    95            26
    96            28
    97            34
    98            28
    99            25
   100            32
   101            29
   102            20
   103            26
   104            25
   105            22
   106            33
   107            19
   108            28
   109            27
   110            27
   111            18
   112            24
   113            36
   114            34
   115            40
   116            39
   117            49
   118            71
   119            75
   120            93
   121           115
   122           142
   123           166
   124           170
   125           178
   126           199
   127           219
   128           217
   129           218
   130           232
   131           245
   132           232
   133           235
   134           226
   135           223
   136           249
   137           250
   138           224
   139           238
   140           223
   141           222
   142           217
   143           204
   144           189
   145           210
   146           218
   147           221
   148           174
   149           187
   150           188
   151           207
   152           207
   153           183
   154           206
   155           198
   156           200
   157           178
   158           204
   159           202
   160           173
   161           192
   162           170
   163           197
   164           196
   165           180
   166           174
   167           223
   168           184
   169           199
   170           153
   171           180
   172           160
   173           202
   174           195
   175           166
   176           178
   177           174
   178           173
   179           165
   180           171
   181           182
   182           160
   183           180
   184           162
   185           152
   186           165
   187           191
   188           169
   189           177
   190           175
   191           158
   192           174
   193           187
   194           177
   195           178
   196           179
   197           178
   198           173
   199           204
   200           191
   201           177
   202           163
   203           159
   204           164
   205           185
   206           164
   207           186
   208           166
   209           176
   210           170
   211           194
   212           192
   213           177
   214           184
   215           183
   216           185
   217           190
   218           206
   219           178
   220           182
   221           159
   222           170
   223           191
   224           202
   225           172
   226           160
   227           186
   228           171
   229           212
   230           165
   231           183
   232           171
   233           199
   234           191
   235           199
   236           228
   237           207
   238           202
   239           213
   240           206
   241           196
   242           199
   243           205
   244           192
   245           221
   246           192
   247           203
   248           207
   249           197
   250           202
   251           185
   252           208
   253           197
   254           238
   255           219
   256           210
   257           210
   258           209
   259           207
   260           209
   261           227
   262           229
   263           244
   264           252
   265           257
   266           248
   267           262
   268           243
   269           208
   270           269
   271           246
   272           274
   273           266
   274           272
   275           271
   276           277
   277           289
   278           332
   279           345
   280           295
   281           308
   282           331
   283           307
   284           337
   285           344
   286           328
   287           333
   288           336
   289           333
   290           363
   291           361
   292           339
   293           321
   294           315
   295           281
   296           249
   297           288
   298           242
   299           275
   300           215
   301           168
   302           183
   303           194
   304           165
   305           110
   306           102
   307           108
   308            72
   309            68
   310            64
   311            53
   312            29
   313            36
   314            23
   315            23
   316            21
   317            10
   318             6
   319             7
   320             6
   321             2
   322             8
   323             4
   324             1
   325             5
   326             2
   327             2
   328             1
   329             2
   330             0
   331             1
   332             0
   333             0
   334             0
   335             2
   336             0
   337             0
   338             1
   339             0
   340             0
   341             0
   342             2
   343             0
   344             1
   345             2
   346             0
   347             0
   348             0
   349             0
   350             0
   351             0
   352             1
   353             1
   354             0
   355             0
   356             0
   357             0
   358             1
   359             2
   360             0
   361             0
   362             0
   363             0
   364             0
   365             0
   366             0
   367             1
   368             0
   369             0
   370             1
   371             1
   372             1
   373             0
   374             0
   375             0
   376             1
   377             0
   378             0
   379             0
   380             0
   381             1
   382             0
   383             0
   384             0
   385             0
   386             0
   387             0
   388             0
   389             0
   390             1
   391             0
   392             0
   393             1
   394             0
   395             0
   396             0
   397             0
   398             0
   399             0
   400             1
   401             0
   402             0
   403             0
   404             0
   405             0
   406             1
   407             0
   408             1
   409             0
   410             1
   411             0
   412             0
   413             0
   414             1
   415             0
   416             0
   417             0
   418             0
   419             1
   420             0
   421             0
   422             0
   423             0
   424             0
   425             0
   426             0
   427             0
   428             0
   429             0
   430             0
   431             0
   432             0
   433             0
   434             0
   435             0
   436             0
   437             0
   438             0
   439             0
   440             0
   441             0
   442             0
   443             0
   444             0
   445             0
   446             0
   447             0
   448             0
   449             0
   450             0
   451             0
   452             1
   453             0
   454             0
   455             0
   456             0
   457             0
   458             0
   459             0
   460             0
   461             0
   462             0
   463             0
   464             0
   465             0
   466             0
   467             0
   468             0
   469             0
   470             0
   471             0
   472             0
   473             0
   474             0
   475             0
   476             0
   477             0
   478             0
   479             0
   480             0
   481             0
   482             0
   483             1
   484             0
   485             0
   486             1
   487             0
   488             0
   489             1
   490             0
   491             0
   492             0
   493             0
   494             0
   495             0
   496             0
   497             0
   498             0
   499             0
   500             0
   501             0
   502             0
   503             0
   504             0
   505             0
   506             0
   507             0
   508             0
   509             0
   510             0
   511             0
   512             0
   513             0
   514             0
   515             0
   516             0
   517             0
   518             0
   519             0
   520             0
   521             0
   522             0
   523             0
   524             0
   525             0
   526             0
   527             0
   528             0
   529             0
   530             0
   531             0
   532             0
   533             0
   534             0
   535             0
   536             0
   537             0
   538             0
   539             0
   540             0
   541             0
   542             0
   543             0
   544             0
   545             0
   546             0
   547             0
   548             0
   549             0
   550             0
   551             0
   552             0
   553             0
   554             0
   555             0
   556             0
   557             0
   558             0
   559             0
   560             0
   561             0
   562             0
   563             0
   564             0
   565             0
   566             0
   567             0
   568             0
   569             0
   570             0
   571             0
   572             0
   573             0
   574             0
   575             0
   576             0
   577             0
   578             0
   579             0
   580             0
   581             0
   582             0
   583             0
   584             0
   585             0
   586             0
   587             0
   588             0
   589             0
   590             0
   591             0
   592             0
   593             0
   594             0
   595             0
   596             0
   597             0
   598             0
   599             0
   600             0
   601             0
   602             0
   603             0
   604             0
   605             0
   606             0
   607             0
   608             0
   609             0
   610             0
   611             0
   612             0
   613             0
   614             0
   615             0
   616             0
   617             0
   618             0
   619             0
   620             0
   621             0
   622             0
   623             0
   624             0
   625             0
   626             0
   627             0
   628             0
   629             0
   630             0
   631             0
   632             0
   633             0
   634             0
   635             0
   636             0
   637             0
   638             0
   639             0
   640             0
   641             0
   642             0
   643             0
   644             0
   645             0
   646             0
   647             0
   648             0
   649             0
   650             0
   651             0
   652             0
   653             0
   654             0
   655             0
   656             0
   657             0
   658             0
   659             0
   660             0
   661             0
   662             0
   663             0
   664             0
   665             0
   666             0
   667             0
   668             0
   669             0
   670             0
   671             0
   672             0
   673             0
   674             0
   675             0
   676             0
   677             0
   678             0
   679             0
   680             0
   681             0
   682             0
   683             0
   684             0
   685             0
   686             0
   687             0
   688             0
   689             0
   690             0
   691             0
   692             0
   693             0
   694             0
   695             0
   696             0
   697             0
   698             0
   699             0
   700             0
   701             0
   702             0
   703             0
   704             0
   705             0
   706             0
   707             0
   708             0
   709             0
   710             0
   711             0
   712             0
   713             0
   714             0
   715             0
   716             0
   717             0
   718             0
   719             0
   720             0
   721             0
   722             0
   723             0
   724             0
   725             0
   726             0
   727             0
   728             0
   729             0
   730             0
   731             0
   732             0
   733             0
   734             0
   735             0
   736             0
   737             0
   738             0
   739             0
   740             0
   741             0
   742             0
   743             0
   744             0
   745             0
   746             0
   747             0
   748             0
   749             0
   750             0
   751             0
   752             0
   753             0
   754             0
   755             0
   756             0
   757             0
   758             0
   759             0
   760             0
   761             0
   762             0
   763             0
   764             0
   765             0
   766             0
   767             0
   768             0
   769             0
   770             0
   771             0
   772             0
   773             0
   774             0
   775             0
   776             0
   777             0
   778             0
   779             0
   780             0
   781             0
   782             0
   783             0
   784             0
   785             0
   786             0
   787             0
   788             0
   789             0
   790             0
   791             0
   792             0
   793             0
   794             0
   795             0
   796             0
   797             0
   798             0
   799             0
   800             0
   801             0
   802             0
   803             0
   804             0
   805             0
   806             0
   807             0
   808             0
   809             0
   810             0
   811             0
   812             0
   813             0
   814             0
   815             0
   816             0
   817             0
   818             0
   819             0
   820             0
   821             0
   822             0
   823             0
   824             0
   825             0
   826             0
   827             0
   828             0
   829             0
   830             0
   831             0
   832             0
   833             0
   834             0
   835             0
   836             0
   837             0
   838             0
   839             0
   840             0
   841             0
   842             0
   843             0
   844             0
   845             0
   846             0
   847             0
   848             0
   849             0
   850             0
   851             0
   852             0
   853             0
   854             0
   855             0
   856             0
   857             0
   858             0
   859             0
   860             0
   861             0
   862             0
   863             0
   864             0
   865             0
   866             0
   867             0
   868             0
   869             0
   870             0
   871             0
   872             0
   873             0
   874             0
   875             0
   876             0
   877             0
   878             0
   879             0
   880             0
   881             0
   882             0
   883             0
   884             0
   885             0
   886             0
   887             0
   888             0
   889             0
   890             0
   891             0
   892             0
   893             0
   894             0
   895             0
   896             0
   897             0
   898             0
   899             0
   900             0
   901             0
   902             0
   903             0
   904             0
   905             0
   906             0
   907             0
   908             0
   909             0
   910             0
   911             0
   912             0
   913             0
   914             0
   915             0
   916             0
   917             0
   918             0
   919             0
   920             0
   921             0
   922             0
   923             0
   924             0
   925             0
   926             0
   927             0
   928             0
   929             0
   930             0
   931             0
   932             0
   933             0
   934             0
   935             0
   936             0
   937             0
   938             0
   939             0
   940             0
   941             0
   942             0
   943             0
   944             0
   945             0
   946             0
   947             0
   948             0
   949             0
   950             0
   951             0
   952             0
   953             0
   954             0
   955             0
   956             0
   957             0
   958             0
   959             0
   960             0
   961             0
   962             0
   963             0
   964             0
   965             0
   966             0
   967             0
   968             0
   969             0
   970             0
   971             0
   972             0
   973             0
   974             0
   975             0
   976             0
   977             0
   978             0
   979             0
   980             0
   981             0
   982             0
   983             0
   984             0
   985             0
   986             0
   987             0
   988             0
   989             0
   990             0
   991             0
   992             0
   993             0
   994             0
   995             0
   996             0
   997             0
   998             0
   999             0
  1000             0
  1001             0
  1002             0
  1003             0
  1004             0
  1005             0
  1006             0
  1007             0
  1008             0
  1009             0
  1010             0
  1011             0
  1012             0
  1013             0
  1014             0
  1015             0
  1016             0
  1017             0
  1018             0
  1019             0
  1020             0
  1021             0
  1022             0
  1023             0
