     0             0
     1             0
     2             0
     3             0
     4             0
     5             0
     6             0
     7             0
     8             0
     9             0
    10             0
    11             0
    12             0
    13             0
    14             0
    15             0
    16             0
    17             0
    18             0
    19             0
    20             0
    21             0
    22             0
    23             0
    24             0
    25             0
    26             0
    27             0
    28             0
    29             0
    30             0
    31             0
    32             0
    33             0
    34             0
    35             0
    36             0
    37             0
    38             0
    39             0
    40             0
    41             0
    42             0
    43             0
    44             0
    45             0
    46             0
    47             0
    48             0
    49             0
    50             0
    51             0
    52             0
    53             0
    54             0
    55             0
    56             0
    57             0
    58             2
    59             9
    60            24
    61            34
    62            50
    63            48
    64            44
    65            35
    66            40
    67            32
    68            39
    69            42
    70            35
    71            30
    72            40
    73            30
    74            47
    75            37
    76            36
    77            40
    78            40
    79            56
    80            31
    81            41
    82            36
    83            35
    84            40
    85            25
    86            32
    87            34
    88            32
    89            27
    90            31
    91            23
    92            24
    93            34
    94            32
    95            21
    96            21
    97            35
    98            19
    99            19
   100            18
   101            27
   102            21
   103            18
   104            27
   105            17
   106            17
   107            28
   108            17
   109            25
   110            22
   111            18
   112            19
   113            22
   114            19
   115            18
   116            22
   117            27
   118            18
   119            23
   120            20
   121            24
   122            29
   123            10
   124            29
   125            32
   126            17
   127            34
   128            19
   129            24
   130            26
   131            13
   132            24
   133            26
   134            20
   135            23
   136            29
   137            33
   138            26
   139            21
   140            24
   141            23
   142            19
   143            16
   144            18
   145            17
   146            19
   147            15
   148            23
   149            18
   150            16
   151            18
   152            17
   153            15
   154            16
   155            13
   156             9
   157            11
   158            17
   159            12
   160            11
   161            12
   162            13
   163            10
   164            13
   165            16
   166             8
   167            15
   168            14
   169             8
   170            12
   171             9
   172            16
   173            15
   174            11
   175            10
   176             6
   177             9
   178             8
   179            13
   180             8
   181             9
   182            12
   183             8
   184             3
   185            15
   186            11
   187             8
   188             8
   189             5
   190             9
   191            10
   192            11
   193            10
   194            10
   195            10
   196             9
   197            10
   198            13
   199             9
   200            12
   201            16
   202            15
   203            11
   204            13
   205            14
   206            11
   207            14
   208            16
   209            14
   210            15
   211            15
   212            18
   213            13
   214            12
   215            16
   216            19
   217            11
   218            22
   219            20
   220            20
   221            19
   222            24
   223            23
   224            18
   225            29
   226            17
   227            32
   228            34
   229            34
   230            34
   231            37
   232            43
   233            50
   234            33
   235            49
   236            50
   237            63
   238            41
   239            57
   240            62
   241            54
   242            67
   243            67
   244            62
   245            81
   246            71
   247            89
   248            88
   249           111
   250            96
   251           105
   252           115
   253           106
   254           125
   255           136
   256           160
   257           165
   258           166
   259           195
   260           167
   261           186
   262           229
   263           227
   264           218
   265           256
   266           289
   267           310
   268           321
   269           342
   270           337
   271           369
   272           383
   273           459
   274           429
   275           496
   276           469
   277           532
   278           515
   279           590
   280           583
   281           656
   282           718
   283           635
   284           738
   285           742
   286           742
   287           818
   288           768
   289           782
   290           814
   291           824
   292           850
   293           813
   294           828
   295           836
   296           862
   297           875
   298           862
   299           786
   300           800
   301           844
   302           786
   303           747
   304           698
   305           695
   306           684
   307           629
   308           614
   309           569
   310           555
   311           498
   312           508
   313           429
   314           428
   315           412
   316           322
   317           306
   318           283
   319           241
   320           248
   321           201
   322           205
   323           171
   324           140
   325           119
   326            96
   327           106
   328            80
   329            58
   330            50
   331            49
   332            44
   333            30
   334            26
   335            23
   336            14
   337            21
   338            15
   339            10
   340             9
   341             8
   342             8
   343             4
   344             2
   345             3
   346             0
   347             3
   348             2
   349             2
   350             1
   351             1
   352             2
   353             3
   354             0
   355             0
   356             1
   357             0
   358             1
   359             0
   360             0
   361             3
   362             0
   363             1
   364             0
   365             0
   366             0
   367             0
   368             0
   369             0
   370             2
   371             0
   372             0
   373             0
   374             0
   375             0
   376             0
   377             0
   378             0
   379             0
   380             0
   381             1
   382             0
   383             0
   384             0
   385             0
   386             1
   387             2
   388             0
   389             0
   390             0
   391             0
   392             0
   393             0
   394             0
   395             0
   396             1
   397             0
   398             0
   399             0
   400             1
   401             0
   402             2
   403             0
   404             1
   405             0
   406             0
   407             0
   408             0
   409             0
   410             0
   411             0
   412             0
   413             1
   414             1
   415             1
   416             0
   417             1
   418             0
   419             0
   420             0
   421             1
   422             0
   423             0
   424             0
   425             0
   426             0
   427             0
   428             0
   429             0
   430             0
   431             1
   432             0
   433             0
   434             0
   435             0
   436             0
   437             0
   438             0
   439             0
   440             0
   441             0
   442             0
   443             1
   444             1
   445             0
   446             0
   447             0
   448             0
   449             0
   450             0
   451             0
   452             0
   453             0
   454             0
   455             1
   456             0
   457             0
   458             1
   459             2
   460             0
   461             0
   462             0
   463             0
   464             0
   465             0
   466             0
   467             1
   468             0
   469             1
   470             1
   471             1
   472             1
   473             1
   474             0
   475             0
   476             0
   477             0
   478             0
   479             0
   480             0
   481             0
   482             0
   483             0
   484             0
   485             0
   486             0
   487             0
   488             0
   489             0
   490             0
   491             0
   492             1
   493             0
   494             1
   495             0
   496             0
   497             1
   498             0
   499             0
   500             0
   501             0
   502             0
   503             0
   504             0
   505             1
   506             0
   507             0
   508             0
   509             0
   510             0
   511             0
   512             0
   513             1
   514             0
   515             0
   516             0
   517             0
   518             0
   519             0
   520             1
   521             0
   522             1
   523             0
   524             0
   525             0
   526             1
   527             0
   528             1
   529             1
   530             1
   531             0
   532             1
   533             1
   534             1
   535             0
   536             0
   537             0
   538             0
   539             0
   540             0
   541             0
   542             0
   543             0
   544             0
   545             0
   546             0
   547             0
   548             0
   549             0
   550             0
   551             0
   552             0
   553             0
   554             0
   555             0
   556             0
   557             0
   558             0
   559             1
   560             0
   561             0
   562             0
   563             0
   564             1
   565             0
   566             0
   567             0
   568             0
   569             0
   570             0
   571             0
   572             0
   573             0
   574             0
   575             0
   576             0
   577             0
   578             0
   579             0
   580             0
   581             0
   582             0
   583             0
   584             0
   585             0
   586             0
   587             0
   588             0
   589             0
   590             0
   591             0
   592             0
   593             0
   594             0
   595             0
   596             0
   597             0
   598             0
   599             0
   600             0
   601             0
   602             0
   603             0
   604             0
   605             0
   606             0
   607             0
   608             0
   609             0
   610             0
   611             0
   612             0
   613             0
   614             0
   615             0
   616             0
   617             0
   618             0
   619             0
   620             0
   621             0
   622             0
   623             0
   624             0
   625             0
   626             0
   627             0
   628             0
   629             0
   630             0
   631             0
   632             0
   633             0
   634             0
   635             0
   636             0
   637             0
   638             0
   639             0
   640             0
   641             0
   642             0
   643             0
   644             0
   645             0
   646             0
   647             0
   648             0
   649             0
   650             0
   651             0
   652             0
   653             0
   654             0
   655             0
   656             0
   657             0
   658             0
   659             0
   660             0
   661             0
   662             0
   663             0
   664             0
   665             0
   666             0
   667             0
   668             0
   669             0
   670             0
   671             0
   672             0
   673             0
   674             0
   675             0
   676             0
   677             0
   678             0
   679             0
   680             0
   681             0
   682             0
   683             0
   684             0
   685             0
   686             0
   687             0
   688             0
   689             0
   690             0
   691             0
   692             0
   693             0
   694             0
   695             0
   696             0
   697             0
   698             0
   699             0
   700             0
   701             0
   702             0
   703             0
   704             0
   705             0
   706             0
   707             0
   708             0
   709             0
   710             0
   711             0
   712             0
   713             0
   714             0
   715             0
   716             0
   717             0
   718             0
   719             0
   720             0
   721             0
   722             0
   723             0
   724             0
   725             0
   726             0
   727             0
   728             0
   729             0
   730             0
   731             0
   732             0
   733             0
   734             0
   735             0
   736             0
   737             0
   738             0
   739             0
   740             0
   741             0
   742             0
   743             0
   744             0
   745             0
   746             0
   747             0
   748             0
   749             0
   750             0
   751             0
   752             0
   753             0
   754             0
   755             0
   756             0
   757             0
   758             0
   759             0
   760             0
   761             0
   762             0
   763             0
   764             0
   765             0
   766             0
   767             0
   768             0
   769             0
   770             0
   771             0
   772             0
   773             0
   774             0
   775             0
   776             0
   777             0
   778             0
   779             0
   780             0
   781             0
   782             0
   783             0
   784             0
   785             0
   786             0
   787             0
   788             0
   789             0
   790             0
   791             0
   792             0
   793             0
   794             0
   795             0
   796             0
   797             0
   798             0
   799             0
   800             0
   801             0
   802             0
   803             0
   804             0
   805             0
   806             0
   807             0
   808             0
   809             0
   810             0
   811             0
   812             0
   813             0
   814             0
   815             0
   816             0
   817             0
   818             0
   819             0
   820             0
   821             0
   822             0
   823             0
   824             0
   825             0
   826             0
   827             0
   828             0
   829             0
   830             0
   831             0
   832             0
   833             0
   834             0
   835             0
   836             0
   837             0
   838             0
   839             0
   840             0
   841             0
   842             0
   843             0
   844             0
   845             0
   846             0
   847             0
   848             0
   849             0
   850             0
   851             0
   852             0
   853             0
   854             0
   855             0
   856             0
   857             0
   858             0
   859             0
   860             0
   861             0
   862             0
   863             0
   864             0
   865             0
   866             0
   867             0
   868             0
   869             0
   870             0
   871             0
   872             0
   873             0
   874             0
   875             0
   876             0
   877             0
   878             0
   879             0
   880             0
   881             0
   882             0
   883             0
   884             0
   885             0
   886             0
   887             0
   888             0
   889             0
   890             0
   891             0
   892             0
   893             0
   894             0
   895             0
   896             0
   897             0
   898             0
   899             0
   900             0
   901             0
   902             0
   903             0
   904             0
   905             0
   906             0
   907             0
   908             0
   909             0
   910             0
   911             0
   912             0
   913             0
   914             0
   915             0
   916             0
   917             0
   918             0
   919             0
   920             0
   921             0
   922             0
   923             0
   924             0
   925             0
   926             0
   927             0
   928             0
   929             0
   930             0
   931             0
   932             0
   933             0
   934             0
   935             0
   936             0
   937             0
   938             0
   939             0
   940             0
   941             0
   942             0
   943             0
   944             0
   945             0
   946             0
   947             0
   948             0
   949             0
   950             0
   951             0
   952             0
   953             0
   954             0
   955             0
   956             0
   957             0
   958             0
   959             0
   960             0
   961             0
   962             0
   963             0
   964             0
   965             0
   966             0
   967             0
   968             0
   969             0
   970             0
   971             0
   972             0
   973             0
   974             0
   975             0
   976             0
   977             0
   978             0
   979             0
   980             0
   981             0
   982             0
   983             0
   984             0
   985             0
   986             0
   987             0
   988             0
   989             0
   990             0
   991             0
   992             0
   993             0
   994             0
   995             0
   996             0
   997             0
   998             0
   999             0
  1000             0
  1001             0
  1002             0
  1003             0
  1004             0
  1005             0
  1006             0
  1007             0
  1008             0
  1009             0
  1010             0
  1011             0
  1012             0
  1013             0
  1014             0
  1015             0
  1016             0
  1017             0
  1018             0
  1019             0
  1020             0
  1021             0
  1022             0
  1023             0
